res_34-aa.pdb : {'A': [38, 40, 41, 42, 66, 67, 68, 71, 72, 89, 90, 91, 117, 118, 119, 120, 139, 141, 142, 143, 144, 146, 169, 170, 174, 198, 199, 300, 301, 302, 402, 411, 441, 458]}
res_33-aa.pdb : {'A': [38, 40, 41, 42, 66, 67, 68, 71, 72, 89, 90, 91, 118, 119, 120, 139, 141, 142, 143, 144, 146, 169, 170, 174, 198, 199, 300, 301, 302, 402, 411, 441, 458]}
res_33-ab.pdb : {'A': [38, 40, 41, 42, 66, 67, 68, 71, 72, 89, 90, 91, 117, 118, 119, 120, 139, 141, 142, 143, 144, 146, 169, 170, 174, 198, 199, 300, 301, 302, 402, 411, 441]}
res_33-ac.pdb : {'A': [38, 40, 41, 42, 66, 67, 68, 71, 72, 89, 90, 91, 117, 118, 119, 139, 141, 142, 143, 144, 146, 169, 170, 174, 198, 199, 300, 301, 302, 402, 411, 441, 458]}
res_32-aa.pdb : {'A': [38, 40, 41, 42, 66, 67, 68, 71, 72, 89, 90, 91, 117, 118, 119, 120, 139, 141, 142, 143, 144, 146, 169, 170, 174, 198, 199, 300, 301, 302, 411, 441]}
res_32-ab.pdb : {'A': [38, 40, 41, 42, 66, 67, 68, 71, 72, 89, 90, 91, 118, 119, 120, 139, 141, 142, 143, 144, 146, 169, 170, 174, 198, 199, 300, 301, 302, 402, 411, 441]}
res_32-ac.pdb : {'A': [38, 40, 41, 42, 66, 67, 68, 71, 72, 89, 90, 91, 118, 119, 139, 141, 142, 143, 144, 146, 169, 170, 174, 198, 199, 300, 301, 302, 402, 411, 441, 458]}
res_32-ad.pdb : {'A': [38, 40, 41, 42, 66, 67, 68, 71, 72, 89, 90, 91, 117, 118, 119, 139, 141, 142, 143, 144, 146, 169, 170, 174, 198, 199, 300, 301, 302, 402, 411, 441]}
res_31-aa.pdb : {'A': [38, 40, 42, 66, 68, 71, 72, 89, 90, 91, 118, 119, 120, 139, 141, 142, 143, 144, 146, 169, 170, 174, 198, 199, 300, 301, 302, 402, 411, 441, 458]}
res_31-ab.pdb : {'A': [38, 40, 41, 42, 66, 67, 68, 71, 72, 89, 90, 91, 118, 119, 120, 139, 141, 142, 143, 144, 146, 169, 170, 174, 198, 199, 300, 301, 302, 411, 441]}
res_31-ac.pdb : {'A': [38, 40, 41, 42, 66, 67, 68, 71, 72, 89, 90, 91, 117, 118, 119, 120, 141, 142, 143, 144, 169, 170, 198, 199, 300, 301, 302, 402, 411, 441, 458]}
res_31-ad.pdb : {'A': [38, 40, 41, 42, 66, 67, 68, 71, 72, 89, 90, 91, 117, 118, 119, 139, 141, 142, 143, 144, 146, 169, 170, 174, 198, 199, 300, 301, 302, 411, 441]}
res_31-ae.pdb : {'A': [38, 40, 41, 42, 66, 67, 68, 71, 72, 89, 90, 91, 117, 118, 119, 120, 139, 141, 142, 143, 144, 146, 169, 170, 174, 198, 199, 300, 301, 302, 411]}
res_31-af.pdb : {'A': [38, 40, 41, 42, 66, 67, 68, 71, 72, 89, 90, 91, 118, 119, 139, 141, 142, 143, 144, 146, 169, 170, 174, 198, 199, 300, 301, 302, 402, 411, 441]}
res_30-aa.pdb : {'A': [38, 40, 42, 66, 68, 71, 72, 89, 90, 91, 119, 120, 139, 141, 142, 143, 144, 146, 169, 170, 174, 198, 199, 300, 301, 302, 402, 411, 441, 458]}
res_30-ab.pdb : {'A': [38, 40, 41, 42, 66, 67, 68, 71, 72, 89, 90, 91, 118, 119, 120, 141, 142, 143, 144, 169, 170, 198, 199, 300, 301, 302, 402, 411, 441, 458]}
res_30-ac.pdb : {'A': [38, 40, 41, 42, 66, 67, 68, 72, 89, 90, 91, 117, 118, 119, 120, 141, 142, 143, 144, 169, 170, 198, 199, 300, 301, 302, 402, 411, 441, 458]}
res_30-ad.pdb : {'A': [38, 40, 41, 42, 66, 67, 68, 71, 72, 90, 91, 117, 118, 119, 120, 141, 142, 143, 144, 169, 170, 198, 199, 300, 301, 302, 402, 411, 441, 458]}
res_30-ae.pdb : {'A': [38, 40, 42, 66, 68, 71, 72, 89, 90, 91, 118, 119, 120, 139, 141, 142, 143, 144, 146, 169, 170, 174, 198, 199, 300, 301, 302, 402, 411, 441]}
res_30-af.pdb : {'A': [40, 41, 42, 66, 67, 68, 71, 72, 89, 90, 91, 117, 118, 119, 120, 141, 142, 143, 144, 169, 170, 198, 199, 300, 301, 302, 402, 411, 441, 458]}
res_30-ag.pdb : {'A': [38, 40, 41, 42, 66, 67, 68, 71, 72, 89, 90, 91, 117, 118, 119, 120, 141, 142, 143, 144, 169, 170, 198, 199, 300, 301, 302, 402, 411, 441]}
res_30-ah.pdb : {'A': [38, 40, 42, 68, 71, 72, 89, 90, 91, 118, 119, 120, 139, 141, 142, 143, 144, 146, 169, 170, 174, 198, 199, 300, 301, 302, 402, 411, 441, 458]}
res_30-ai.pdb : {'A': [38, 40, 42, 66, 68, 71, 72, 89, 90, 91, 118, 119, 139, 141, 142, 143, 144, 146, 169, 170, 174, 198, 199, 300, 301, 302, 402, 411, 441, 458]}
res_30-aj.pdb : {'A': [38, 40, 41, 42, 66, 67, 68, 71, 72, 89, 90, 91, 118, 119, 139, 141, 142, 143, 144, 146, 169, 170, 174, 198, 199, 300, 301, 302, 411, 441]}
res_30-ak.pdb : {'A': [38, 40, 41, 42, 66, 67, 68, 71, 72, 89, 90, 91, 118, 119, 120, 139, 141, 142, 143, 144, 146, 169, 170, 174, 198, 199, 300, 301, 302, 411]}
res_30-al.pdb : {'A': [38, 40, 41, 42, 66, 67, 68, 71, 72, 89, 90, 91, 117, 118, 119, 139, 141, 142, 143, 144, 146, 169, 170, 174, 198, 199, 300, 301, 302, 411]}
res_29-aa.pdb : {'A': [38, 40, 41, 42, 66, 67, 68, 72, 89, 90, 91, 118, 119, 120, 141, 142, 143, 144, 169, 170, 198, 199, 300, 301, 302, 402, 411, 441, 458]}
res_29-ab.pdb : {'A': [38, 40, 41, 42, 66, 67, 68, 72, 90, 91, 117, 118, 119, 120, 141, 142, 143, 144, 169, 170, 198, 199, 300, 301, 302, 402, 411, 441, 458]}
res_29-ac.pdb : {'A': [38, 40, 42, 66, 68, 71, 72, 89, 90, 91, 119, 120, 139, 141, 142, 143, 144, 146, 169, 170, 174, 198, 199, 300, 301, 302, 402, 411, 441]}
res_29-ad.pdb : {'A': [40, 41, 42, 66, 67, 68, 71, 72, 89, 90, 91, 117, 118, 119, 141, 142, 143, 144, 169, 170, 198, 199, 300, 301, 302, 402, 411, 441, 458]}
res_29-ae.pdb : {'A': [40, 41, 42, 66, 67, 68, 71, 72, 89, 90, 91, 118, 119, 120, 141, 142, 143, 144, 169, 170, 198, 199, 300, 301, 302, 402, 411, 441, 458]}
res_29-af.pdb : {'A': [38, 40, 41, 42, 66, 67, 68, 71, 72, 89, 90, 91, 118, 119, 120, 141, 142, 143, 144, 169, 170, 198, 199, 300, 301, 302, 402, 411, 441]}
res_29-ag.pdb : {'A': [38, 40, 41, 42, 66, 67, 68, 72, 89, 90, 91, 117, 118, 119, 120, 141, 142, 143, 144, 169, 170, 198, 199, 300, 301, 302, 402, 411, 441]}
res_29-ah.pdb : {'A': [38, 40, 42, 66, 68, 71, 72, 89, 90, 91, 118, 119, 120, 139, 141, 142, 143, 144, 146, 169, 170, 174, 198, 199, 300, 301, 302, 411, 441]}
res_29-ai.pdb : {'A': [38, 40, 41, 42, 66, 67, 68, 71, 72, 89, 90, 91, 117, 118, 119, 120, 141, 142, 143, 144, 169, 170, 198, 199, 300, 301, 302, 411, 441]}
res_29-aj.pdb : {'A': [38, 40, 41, 42, 66, 67, 68, 71, 72, 90, 91, 117, 118, 119, 120, 141, 142, 143, 144, 169, 170, 198, 199, 300, 301, 302, 402, 411, 441]}
res_29-ak.pdb : {'A': [38, 40, 42, 68, 71, 72, 89, 90, 91, 119, 120, 139, 141, 142, 143, 144, 146, 169, 170, 174, 198, 199, 300, 301, 302, 402, 411, 441, 458]}
res_29-al.pdb : {'A': [38, 40, 42, 66, 68, 71, 72, 89, 90, 91, 119, 139, 141, 142, 143, 144, 146, 169, 170, 174, 198, 199, 300, 301, 302, 402, 411, 441, 458]}
res_29-am.pdb : {'A': [38, 40, 41, 66, 67, 68, 71, 72, 90, 91, 117, 118, 119, 120, 141, 142, 143, 144, 169, 170, 198, 199, 300, 301, 302, 402, 411, 441, 458]}
res_29-an.pdb : {'A': [40, 41, 42, 66, 67, 68, 71, 72, 89, 90, 91, 117, 118, 119, 120, 141, 142, 143, 144, 169, 170, 198, 199, 300, 301, 302, 402, 411, 441]}
res_29-ao.pdb : {'A': [40, 41, 42, 66, 67, 68, 71, 72, 90, 91, 117, 118, 119, 120, 141, 142, 143, 144, 169, 170, 198, 199, 300, 301, 302, 402, 411, 441, 458]}
res_29-ap.pdb : {'A': [38, 40, 42, 68, 71, 72, 89, 90, 91, 118, 119, 120, 139, 141, 142, 143, 144, 146, 169, 170, 174, 198, 199, 300, 301, 302, 402, 411, 441]}
res_29-aq.pdb : {'A': [38, 40, 42, 66, 68, 71, 72, 89, 90, 91, 118, 119, 139, 141, 142, 143, 144, 146, 169, 170, 174, 198, 199, 300, 301, 302, 402, 411, 441]}
res_29-ar.pdb : {'A': [38, 40, 42, 68, 71, 72, 89, 90, 91, 118, 119, 139, 141, 142, 143, 144, 146, 169, 170, 174, 198, 199, 300, 301, 302, 402, 411, 441, 458]}
res_29-as.pdb : {'A': [38, 40, 41, 42, 66, 67, 68, 71, 72, 89, 90, 91, 118, 119, 139, 141, 142, 143, 144, 146, 169, 170, 174, 198, 199, 300, 301, 302, 411]}
res_28-aa.pdb : {'A': [40, 41, 42, 66, 67, 68, 71, 72, 89, 90, 91, 118, 119, 141, 142, 143, 144, 169, 170, 198, 199, 300, 301, 302, 402, 411, 441, 458]}
res_28-ab.pdb : {'A': [38, 40, 41, 42, 66, 67, 68, 72, 89, 90, 91, 118, 119, 120, 141, 142, 143, 144, 169, 170, 198, 199, 300, 301, 302, 402, 411, 441]}
res_28-ac.pdb : {'A': [38, 40, 42, 66, 68, 71, 72, 89, 90, 91, 119, 120, 139, 141, 142, 143, 144, 146, 169, 170, 174, 198, 199, 300, 301, 302, 411, 441]}
res_28-ad.pdb : {'A': [38, 40, 41, 42, 66, 67, 68, 71, 72, 89, 90, 91, 118, 119, 120, 141, 142, 143, 144, 169, 170, 198, 199, 300, 301, 302, 411, 441]}
res_28-ae.pdb : {'A': [38, 40, 41, 42, 66, 67, 68, 72, 89, 90, 91, 117, 118, 119, 120, 141, 142, 143, 144, 169, 170, 198, 199, 300, 301, 302, 411, 441]}
res_28-af.pdb : {'A': [38, 40, 41, 42, 66, 67, 68, 72, 90, 91, 117, 118, 119, 120, 141, 142, 143, 144, 169, 170, 198, 199, 300, 301, 302, 402, 411, 441]}
res_28-ag.pdb : {'A': [38, 40, 41, 42, 66, 67, 68, 71, 72, 90, 91, 117, 118, 119, 120, 141, 142, 143, 144, 169, 170, 198, 199, 300, 301, 302, 411, 441]}
res_28-ah.pdb : {'A': [38, 40, 41, 66, 67, 68, 72, 90, 91, 117, 118, 119, 120, 141, 142, 143, 144, 169, 170, 198, 199, 300, 301, 302, 402, 411, 441, 458]}
res_28-ai.pdb : {'A': [40, 41, 42, 66, 67, 68, 71, 72, 89, 90, 91, 117, 118, 119, 141, 142, 143, 144, 169, 170, 198, 199, 300, 301, 302, 402, 411, 441]}
res_28-aj.pdb : {'A': [40, 41, 42, 66, 67, 68, 71, 72, 89, 90, 91, 118, 119, 120, 141, 142, 143, 144, 169, 170, 198, 199, 300, 301, 302, 402, 411, 441]}
res_28-ak.pdb : {'A': [40, 41, 42, 66, 67, 68, 71, 72, 91, 117, 118, 119, 120, 141, 142, 143, 144, 169, 170, 198, 199, 300, 301, 302, 402, 411, 441, 458]}
res_28-al.pdb : {'A': [40, 41, 42, 66, 67, 68, 71, 72, 90, 91, 117, 118, 119, 141, 142, 143, 144, 169, 170, 198, 199, 300, 301, 302, 402, 411, 441, 458]}
res_28-am.pdb : {'A': [40, 41, 42, 66, 67, 68, 71, 72, 89, 90, 91, 117, 118, 119, 120, 141, 142, 143, 144, 169, 170, 198, 199, 300, 301, 302, 411, 441]}
res_28-an.pdb : {'A': [38, 40, 42, 68, 71, 72, 89, 90, 91, 119, 120, 139, 141, 142, 143, 144, 146, 169, 170, 174, 198, 199, 300, 301, 302, 402, 411, 441]}
res_28-ao.pdb : {'A': [38, 40, 42, 66, 68, 71, 72, 89, 90, 91, 119, 139, 141, 142, 143, 144, 146, 169, 170, 174, 198, 199, 300, 301, 302, 402, 411, 441]}
res_28-ap.pdb : {'A': [38, 40, 42, 66, 68, 71, 72, 89, 90, 91, 118, 119, 139, 141, 142, 143, 144, 146, 169, 170, 174, 198, 199, 300, 301, 302, 411, 441]}
res_28-aq.pdb : {'A': [38, 40, 42, 68, 71, 72, 89, 90, 91, 118, 119, 120, 139, 141, 142, 143, 144, 146, 169, 170, 174, 198, 199, 300, 301, 302, 411, 441]}
res_28-ar.pdb : {'A': [38, 40, 42, 66, 68, 71, 72, 89, 90, 91, 118, 119, 120, 139, 141, 142, 143, 144, 146, 169, 170, 174, 198, 199, 300, 301, 302, 411]}
res_28-as.pdb : {'A': [40, 41, 42, 66, 67, 68, 72, 89, 90, 91, 117, 118, 119, 120, 141, 142, 143, 144, 169, 170, 199, 300, 301, 302, 402, 411, 441, 458]}
res_28-at.pdb : {'A': [38, 40, 41, 66, 67, 68, 71, 72, 90, 91, 117, 118, 119, 120, 141, 142, 143, 144, 169, 170, 198, 199, 300, 301, 302, 402, 411, 441]}
res_28-au.pdb : {'A': [38, 40, 42, 68, 71, 72, 89, 90, 91, 119, 139, 141, 142, 143, 144, 146, 169, 170, 174, 198, 199, 300, 301, 302, 402, 411, 441, 458]}
res_28-av.pdb : {'A': [38, 40, 41, 42, 66, 67, 68, 71, 72, 89, 90, 91, 117, 118, 119, 120, 141, 142, 143, 144, 169, 170, 198, 199, 300, 301, 302, 411]}
res_28-aw.pdb : {'A': [40, 41, 42, 66, 67, 68, 71, 72, 90, 91, 117, 118, 119, 120, 141, 142, 143, 144, 169, 170, 198, 199, 300, 301, 302, 402, 411, 441]}
res_28-ax.pdb : {'A': [38, 40, 42, 68, 71, 72, 89, 90, 91, 118, 119, 139, 141, 142, 143, 144, 146, 169, 170, 174, 198, 199, 300, 301, 302, 402, 411, 441]}
res_27-aa.pdb : {'A': [38, 40, 41, 42, 66, 67, 68, 72, 89, 90, 91, 118, 119, 120, 141, 142, 143, 144, 169, 170, 198, 199, 300, 301, 302, 411, 441]}
res_27-ab.pdb : {'A': [38, 40, 42, 66, 68, 71, 72, 90, 91, 118, 119, 120, 141, 142, 143, 144, 169, 170, 198, 199, 300, 301, 302, 402, 411, 441, 458]}
res_27-ac.pdb : {'A': [38, 40, 41, 42, 66, 67, 68, 72, 90, 91, 117, 118, 119, 120, 141, 142, 143, 144, 169, 170, 198, 199, 300, 301, 302, 411, 441]}
res_27-ad.pdb : {'A': [40, 41, 42, 66, 67, 68, 71, 72, 89, 90, 91, 118, 119, 141, 142, 143, 144, 169, 170, 198, 199, 300, 301, 302, 402, 411, 441]}
res_27-ae.pdb : {'A': [40, 41, 42, 66, 67, 68, 71, 72, 91, 117, 118, 119, 141, 142, 143, 144, 169, 170, 198, 199, 300, 301, 302, 402, 411, 441, 458]}
res_27-af.pdb : {'A': [40, 41, 42, 66, 67, 68, 71, 72, 89, 90, 91, 117, 118, 119, 141, 142, 143, 144, 169, 170, 198, 199, 300, 301, 302, 411, 441]}
res_27-ag.pdb : {'A': [40, 41, 42, 66, 67, 68, 71, 72, 89, 90, 91, 118, 119, 120, 141, 142, 143, 144, 169, 170, 198, 199, 300, 301, 302, 411, 441]}
res_27-ah.pdb : {'A': [38, 40, 42, 68, 71, 72, 89, 90, 91, 119, 120, 139, 141, 142, 143, 144, 146, 169, 170, 174, 198, 199, 300, 301, 302, 411, 441]}
res_27-ai.pdb : {'A': [38, 40, 42, 66, 68, 71, 72, 89, 90, 91, 119, 139, 141, 142, 143, 144, 146, 169, 170, 174, 198, 199, 300, 301, 302, 411, 441]}
res_27-aj.pdb : {'A': [38, 40, 42, 66, 68, 71, 72, 89, 90, 91, 119, 120, 139, 141, 142, 143, 144, 146, 169, 170, 174, 198, 199, 300, 301, 302, 411]}
res_27-ak.pdb : {'A': [40, 41, 42, 66, 67, 68, 72, 89, 90, 91, 118, 119, 120, 141, 142, 143, 144, 169, 170, 199, 300, 301, 302, 402, 411, 441, 458]}
res_27-al.pdb : {'A': [40, 41, 42, 66, 67, 68, 72, 89, 90, 91, 117, 118, 119, 141, 142, 143, 144, 169, 170, 199, 300, 301, 302, 402, 411, 441, 458]}
res_27-am.pdb : {'A': [40, 41, 42, 66, 67, 68, 72, 89, 90, 91, 117, 118, 119, 120, 141, 142, 143, 169, 170, 199, 300, 301, 302, 402, 411, 441, 458]}
res_27-an.pdb : {'A': [38, 40, 41, 66, 67, 68, 72, 90, 91, 117, 118, 119, 120, 141, 142, 143, 144, 169, 170, 198, 199, 300, 301, 302, 402, 411, 441]}
res_27-ao.pdb : {'A': [38, 40, 41, 42, 66, 67, 68, 71, 72, 89, 90, 91, 118, 119, 120, 141, 142, 143, 144, 169, 170, 198, 199, 300, 301, 302, 411]}
res_27-ap.pdb : {'A': [38, 40, 41, 42, 66, 67, 68, 72, 89, 90, 91, 117, 118, 119, 120, 141, 142, 143, 144, 169, 170, 198, 199, 300, 301, 302, 411]}
res_27-aq.pdb : {'A': [40, 41, 42, 66, 67, 68, 72, 90, 91, 117, 118, 119, 120, 141, 142, 143, 144, 169, 170, 199, 300, 301, 302, 402, 411, 441, 458]}
res_27-ar.pdb : {'A': [38, 40, 41, 66, 67, 68, 71, 72, 90, 91, 117, 118, 119, 120, 141, 142, 143, 144, 169, 170, 198, 199, 300, 301, 302, 411, 441]}
res_27-as.pdb : {'A': [40, 41, 42, 66, 67, 68, 71, 72, 91, 117, 118, 119, 120, 141, 142, 143, 144, 169, 170, 198, 199, 300, 301, 302, 402, 411, 441]}
res_27-at.pdb : {'A': [40, 41, 42, 66, 67, 68, 71, 72, 90, 91, 117, 118, 119, 141, 142, 143, 144, 169, 170, 198, 199, 300, 301, 302, 402, 411, 441]}
res_27-au.pdb : {'A': [38, 40, 41, 42, 66, 67, 68, 71, 72, 90, 91, 117, 118, 119, 120, 141, 142, 143, 144, 169, 170, 198, 199, 300, 301, 302, 411]}
res_27-av.pdb : {'A': [40, 41, 42, 66, 67, 68, 71, 72, 90, 91, 117, 118, 119, 120, 141, 142, 143, 144, 169, 170, 198, 199, 300, 301, 302, 411, 441]}
res_27-aw.pdb : {'A': [40, 41, 66, 67, 68, 71, 72, 90, 91, 117, 118, 120, 141, 142, 143, 144, 169, 170, 198, 199, 300, 301, 302, 402, 411, 441, 458]}
res_27-ax.pdb : {'A': [40, 41, 42, 66, 67, 68, 72, 89, 90, 91, 117, 118, 119, 120, 141, 142, 143, 144, 169, 170, 199, 300, 301, 302, 402, 411, 441]}
res_27-ay.pdb : {'A': [40, 41, 42, 66, 67, 68, 71, 72, 89, 90, 91, 117, 118, 119, 120, 141, 142, 143, 144, 169, 170, 198, 199, 300, 301, 302, 411]}
res_27-az.pdb : {'A': [38, 40, 42, 68, 71, 72, 89, 90, 91, 119, 139, 141, 142, 143, 144, 146, 169, 170, 174, 198, 199, 300, 301, 302, 402, 411, 441]}
res_27-ba.pdb : {'A': [38, 40, 42, 68, 71, 72, 89, 90, 91, 118, 119, 139, 141, 142, 143, 144, 146, 169, 170, 174, 198, 199, 300, 301, 302, 411, 441]}
res_27-bb.pdb : {'A': [38, 40, 42, 68, 71, 72, 89, 90, 91, 118, 119, 120, 139, 141, 142, 143, 144, 146, 169, 170, 174, 198, 199, 300, 301, 302, 411]}
res_27-bc.pdb : {'A': [38, 40, 42, 66, 68, 71, 72, 89, 90, 91, 118, 119, 139, 141, 142, 143, 144, 146, 169, 170, 174, 198, 199, 300, 301, 302, 411]}
res_26-aa.pdb : {'A': [38, 40, 42, 66, 68, 71, 72, 90, 91, 119, 120, 141, 142, 143, 144, 169, 170, 198, 199, 300, 301, 302, 402, 411, 441, 458]}
res_26-ab.pdb : {'A': [38, 40, 42, 66, 68, 72, 90, 91, 118, 119, 120, 141, 142, 143, 144, 169, 170, 198, 199, 300, 301, 302, 402, 411, 441, 458]}
res_26-ac.pdb : {'A': [40, 41, 42, 66, 67, 68, 71, 72, 89, 90, 91, 118, 119, 141, 142, 143, 144, 169, 170, 198, 199, 300, 301, 302, 411, 441]}
res_26-ad.pdb : {'A': [38, 40, 42, 66, 68, 71, 72, 90, 91, 118, 119, 120, 141, 142, 143, 144, 169, 170, 198, 199, 300, 301, 302, 402, 411, 441]}
res_26-ae.pdb : {'A': [40, 41, 42, 66, 67, 68, 72, 89, 90, 91, 118, 119, 120, 141, 142, 143, 169, 170, 199, 300, 301, 302, 402, 411, 441, 458]}
res_26-af.pdb : {'A': [40, 41, 42, 66, 67, 68, 72, 89, 90, 91, 118, 119, 141, 142, 143, 144, 169, 170, 199, 300, 301, 302, 402, 411, 441, 458]}
res_26-ag.pdb : {'A': [40, 41, 42, 66, 67, 68, 72, 89, 90, 91, 117, 118, 119, 141, 142, 143, 169, 170, 199, 300, 301, 302, 402, 411, 441, 458]}
res_26-ah.pdb : {'A': [38, 40, 41, 42, 66, 67, 68, 72, 89, 90, 91, 118, 119, 120, 141, 142, 143, 144, 169, 170, 198, 199, 300, 301, 302, 411]}
res_26-ai.pdb : {'A': [40, 41, 42, 66, 67, 68, 72, 90, 91, 117, 118, 119, 141, 142, 143, 144, 169, 170, 199, 300, 301, 302, 402, 411, 441, 458]}
res_26-aj.pdb : {'A': [40, 41, 42, 66, 67, 68, 71, 72, 91, 117, 118, 119, 141, 142, 143, 144, 169, 170, 198, 199, 300, 301, 302, 402, 411, 441]}
res_26-ak.pdb : {'A': [38, 40, 41, 66, 67, 68, 72, 90, 91, 117, 118, 119, 120, 141, 142, 143, 144, 169, 170, 198, 199, 300, 301, 302, 411, 441]}
res_26-al.pdb : {'A': [38, 40, 41, 42, 66, 67, 68, 72, 90, 91, 117, 118, 119, 120, 141, 142, 143, 144, 169, 170, 198, 199, 300, 301, 302, 411]}
res_26-am.pdb : {'A': [40, 42, 66, 68, 71, 72, 90, 91, 118, 119, 120, 141, 142, 143, 144, 169, 170, 198, 199, 300, 301, 302, 402, 411, 441, 458]}
res_26-an.pdb : {'A': [40, 41, 42, 66, 67, 68, 71, 72, 90, 91, 117, 118, 119, 141, 142, 143, 144, 169, 170, 198, 199, 300, 301, 302, 411, 441]}
res_26-ao.pdb : {'A': [40, 41, 42, 66, 67, 68, 71, 72, 91, 117, 118, 119, 120, 141, 142, 143, 144, 169, 170, 198, 199, 300, 301, 302, 411, 441]}
res_26-ap.pdb : {'A': [38, 40, 66, 68, 71, 72, 90, 91, 118, 119, 120, 141, 142, 143, 144, 169, 170, 198, 199, 300, 301, 302, 402, 411, 441, 458]}
res_26-aq.pdb : {'A': [38, 40, 42, 68, 71, 72, 90, 91, 118, 119, 120, 141, 142, 143, 144, 169, 170, 198, 199, 300, 301, 302, 402, 411, 441, 458]}
res_26-ar.pdb : {'A': [40, 41, 66, 67, 68, 71, 72, 91, 117, 118, 120, 141, 142, 143, 144, 169, 170, 198, 199, 300, 301, 302, 402, 411, 441, 458]}
res_26-as.pdb : {'A': [40, 41, 66, 67, 68, 71, 72, 90, 91, 117, 118, 141, 142, 143, 144, 169, 170, 198, 199, 300, 301, 302, 402, 411, 441, 458]}
res_26-at.pdb : {'A': [40, 41, 42, 66, 67, 68, 72, 89, 90, 91, 117, 118, 119, 120, 141, 142, 143, 169, 170, 199, 300, 301, 302, 402, 411, 441]}
res_26-au.pdb : {'A': [40, 41, 42, 66, 67, 68, 72, 89, 90, 91, 118, 119, 120, 141, 142, 143, 144, 169, 170, 199, 300, 301, 302, 402, 411, 441]}
res_26-av.pdb : {'A': [40, 41, 42, 66, 67, 68, 72, 89, 90, 91, 117, 118, 119, 141, 142, 143, 144, 169, 170, 199, 300, 301, 302, 402, 411, 441]}
res_26-aw.pdb : {'A': [40, 41, 42, 66, 67, 68, 71, 72, 89, 90, 91, 118, 119, 120, 141, 142, 143, 144, 169, 170, 198, 199, 300, 301, 302, 411]}
res_26-ax.pdb : {'A': [40, 41, 42, 66, 67, 68, 71, 72, 89, 90, 91, 117, 118, 119, 141, 142, 143, 144, 169, 170, 198, 199, 300, 301, 302, 411]}
res_26-ay.pdb : {'A': [40, 41, 42, 66, 67, 68, 72, 89, 90, 91, 117, 118, 119, 120, 141, 142, 143, 144, 169, 170, 199, 300, 301, 302, 411, 441]}
res_26-az.pdb : {'A': [40, 41, 42, 66, 67, 68, 72, 90, 91, 117, 118, 119, 120, 141, 142, 143, 144, 169, 170, 199, 300, 301, 302, 402, 411, 441]}
res_26-ba.pdb : {'A': [38, 40, 42, 68, 71, 72, 89, 90, 91, 119, 139, 141, 142, 143, 144, 146, 169, 170, 174, 198, 199, 300, 301, 302, 411, 441]}
res_26-bb.pdb : {'A': [38, 40, 42, 66, 68, 71, 72, 89, 90, 91, 119, 139, 141, 142, 143, 144, 146, 169, 170, 174, 198, 199, 300, 301, 302, 411]}
res_26-bc.pdb : {'A': [38, 40, 42, 68, 71, 72, 89, 90, 91, 119, 120, 139, 141, 142, 143, 144, 146, 169, 170, 174, 198, 199, 300, 301, 302, 411]}
res_26-bd.pdb : {'A': [40, 41, 66, 67, 68, 71, 72, 90, 91, 117, 118, 120, 141, 142, 143, 144, 169, 170, 198, 199, 300, 301, 302, 402, 411, 441]}
res_26-be.pdb : {'A': [38, 40, 41, 66, 67, 68, 71, 72, 90, 91, 117, 118, 119, 120, 141, 142, 143, 144, 169, 170, 198, 199, 300, 301, 302, 411]}
res_26-bf.pdb : {'A': [40, 41, 42, 66, 67, 68, 71, 72, 90, 91, 117, 118, 119, 120, 141, 142, 143, 144, 169, 170, 198, 199, 300, 301, 302, 411]}
res_26-bg.pdb : {'A': [38, 40, 42, 68, 71, 72, 89, 90, 91, 118, 119, 139, 141, 142, 143, 144, 146, 169, 170, 174, 198, 199, 300, 301, 302, 411]}
res_25-aa.pdb : {'A': [38, 40, 42, 66, 68, 71, 72, 90, 91, 119, 120, 141, 142, 143, 144, 169, 170, 198, 199, 300, 301, 302, 402, 411, 441]}
res_25-ab.pdb : {'A': [38, 40, 42, 66, 68, 72, 90, 91, 118, 119, 120, 141, 142, 143, 144, 169, 170, 198, 199, 300, 301, 302, 402, 411, 441]}
res_25-ac.pdb : {'A': [40, 41, 42, 66, 67, 68, 72, 89, 90, 91, 118, 119, 141, 142, 143, 169, 170, 199, 300, 301, 302, 402, 411, 441, 458]}
res_25-ad.pdb : {'A': [38, 40, 42, 66, 68, 71, 72, 90, 91, 118, 119, 120, 141, 142, 143, 144, 169, 170, 198, 199, 300, 301, 302, 411, 441]}
res_25-ae.pdb : {'A': [40, 41, 42, 66, 67, 68, 72, 91, 117, 118, 119, 120, 141, 142, 143, 169, 170, 199, 300, 301, 302, 402, 411, 441, 458]}
res_25-af.pdb : {'A': [40, 42, 66, 68, 71, 72, 91, 118, 119, 120, 141, 142, 143, 144, 169, 170, 198, 199, 300, 301, 302, 402, 411, 441, 458]}
res_25-ag.pdb : {'A': [40, 42, 66, 68, 71, 72, 90, 91, 118, 119, 141, 142, 143, 144, 169, 170, 198, 199, 300, 301, 302, 402, 411, 441, 458]}
res_25-ah.pdb : {'A': [40, 42, 66, 68, 71, 72, 90, 91, 119, 120, 141, 142, 143, 144, 169, 170, 198, 199, 300, 301, 302, 402, 411, 441, 458]}
res_25-ai.pdb : {'A': [40, 41, 42, 66, 67, 68, 71, 72, 91, 117, 118, 119, 141, 142, 143, 144, 169, 170, 198, 199, 300, 301, 302, 411, 441]}
res_25-aj.pdb : {'A': [38, 40, 66, 68, 71, 72, 90, 91, 119, 120, 141, 142, 143, 144, 169, 170, 198, 199, 300, 301, 302, 402, 411, 441, 458]}
res_25-ak.pdb : {'A': [40, 41, 66, 67, 68, 71, 72, 91, 117, 118, 141, 142, 143, 144, 169, 170, 198, 199, 300, 301, 302, 402, 411, 441, 458]}
res_25-al.pdb : {'A': [38, 40, 68, 71, 72, 90, 91, 118, 119, 120, 141, 142, 143, 144, 169, 170, 198, 199, 300, 301, 302, 402, 411, 441, 458]}
res_25-am.pdb : {'A': [38, 40, 42, 68, 71, 72, 90, 91, 119, 120, 141, 142, 143, 144, 169, 170, 198, 199, 300, 301, 302, 402, 411, 441, 458]}
res_25-an.pdb : {'A': [38, 40, 42, 68, 72, 90, 91, 118, 119, 120, 141, 142, 143, 144, 169, 170, 198, 199, 300, 301, 302, 402, 411, 441, 458]}
res_25-ao.pdb : {'A': [38, 40, 66, 68, 72, 90, 91, 118, 119, 120, 141, 142, 143, 144, 169, 170, 198, 199, 300, 301, 302, 402, 411, 441, 458]}
res_25-ap.pdb : {'A': [40, 41, 42, 66, 67, 68, 72, 89, 90, 91, 118, 119, 141, 142, 143, 144, 169, 170, 199, 300, 301, 302, 402, 411, 441]}
res_25-aq.pdb : {'A': [40, 41, 42, 66, 67, 68, 72, 89, 90, 91, 118, 119, 120, 141, 142, 143, 169, 170, 199, 300, 301, 302, 402, 411, 441]}
res_25-ar.pdb : {'A': [40, 41, 42, 66, 67, 68, 72, 89, 90, 91, 117, 118, 119, 141, 142, 143, 169, 170, 199, 300, 301, 302, 402, 411, 441]}
res_25-as.pdb : {'A': [40, 41, 42, 66, 67, 68, 71, 72, 89, 90, 91, 118, 119, 141, 142, 143, 144, 169, 170, 198, 199, 300, 301, 302, 411]}
res_25-at.pdb : {'A': [40, 41, 42, 66, 67, 68, 72, 89, 90, 91, 117, 118, 119, 120, 141, 142, 143, 169, 170, 199, 300, 301, 302, 411, 441]}
res_25-au.pdb : {'A': [40, 41, 42, 66, 67, 68, 72, 89, 90, 91, 118, 119, 120, 141, 142, 143, 144, 169, 170, 199, 300, 301, 302, 411, 441]}
res_25-av.pdb : {'A': [40, 41, 42, 66, 67, 68, 72, 89, 90, 91, 117, 118, 119, 141, 142, 143, 144, 169, 170, 199, 300, 301, 302, 411, 441]}
res_25-aw.pdb : {'A': [40, 41, 42, 66, 67, 68, 72, 90, 91, 117, 118, 119, 141, 142, 143, 144, 169, 170, 199, 300, 301, 302, 402, 411, 441]}
res_25-ax.pdb : {'A': [40, 42, 66, 68, 71, 72, 90, 91, 118, 119, 120, 141, 142, 143, 144, 169, 170, 198, 199, 300, 301, 302, 402, 411, 441]}
res_25-ay.pdb : {'A': [40, 41, 42, 66, 67, 68, 72, 90, 91, 117, 118, 119, 120, 141, 142, 143, 144, 169, 170, 199, 300, 301, 302, 411, 441]}
res_25-az.pdb : {'A': [40, 41, 66, 67, 68, 72, 90, 91, 117, 118, 120, 141, 142, 143, 144, 169, 170, 199, 300, 301, 302, 402, 411, 441, 458]}
res_25-ba.pdb : {'A': [38, 40, 66, 68, 71, 72, 90, 91, 118, 119, 120, 141, 142, 143, 144, 169, 170, 198, 199, 300, 301, 302, 402, 411, 441]}
res_25-bb.pdb : {'A': [38, 40, 42, 68, 71, 72, 90, 91, 118, 119, 120, 141, 142, 143, 144, 169, 170, 198, 199, 300, 301, 302, 402, 411, 441]}
res_25-bc.pdb : {'A': [40, 41, 66, 67, 68, 71, 72, 91, 117, 118, 120, 141, 142, 143, 144, 169, 170, 198, 199, 300, 301, 302, 402, 411, 441]}
res_25-bd.pdb : {'A': [40, 41, 66, 67, 68, 71, 72, 90, 91, 117, 118, 141, 142, 143, 144, 169, 170, 198, 199, 300, 301, 302, 402, 411, 441]}
res_25-be.pdb : {'A': [38, 40, 41, 66, 67, 68, 72, 90, 91, 117, 118, 119, 120, 141, 142, 143, 144, 169, 170, 198, 199, 300, 301, 302, 411]}
res_25-bf.pdb : {'A': [40, 41, 66, 67, 68, 71, 72, 90, 91, 117, 118, 120, 141, 142, 143, 144, 169, 170, 198, 199, 300, 301, 302, 411, 441]}
res_25-bg.pdb : {'A': [40, 41, 42, 66, 67, 68, 71, 72, 90, 91, 117, 118, 119, 141, 142, 143, 144, 169, 170, 198, 199, 300, 301, 302, 411]}
res_25-bh.pdb : {'A': [40, 41, 42, 66, 67, 68, 71, 72, 91, 117, 118, 119, 120, 141, 142, 143, 144, 169, 170, 198, 199, 300, 301, 302, 411]}
res_25-bi.pdb : {'A': [40, 42, 68, 71, 72, 90, 91, 118, 119, 120, 141, 142, 143, 144, 169, 170, 198, 199, 300, 301, 302, 402, 411, 441, 458]}
res_25-bj.pdb : {'A': [40, 41, 42, 66, 67, 68, 72, 89, 90, 91, 117, 118, 119, 120, 141, 142, 143, 144, 169, 170, 199, 300, 301, 302, 411]}
res_25-bk.pdb : {'A': [38, 40, 42, 68, 71, 72, 89, 90, 91, 119, 139, 141, 142, 143, 144, 146, 169, 170, 174, 198, 199, 300, 301, 302, 411]}
res_24-aa.pdb : {'A': [38, 40, 42, 66, 68, 72, 90, 91, 119, 120, 141, 143, 144, 169, 170, 198, 199, 300, 301, 302, 402, 411, 441, 458]}
res_24-ab.pdb : {'A': [38, 40, 42, 66, 68, 71, 72, 90, 91, 119, 120, 141, 142, 143, 144, 169, 170, 198, 199, 300, 301, 302, 411, 441]}
res_24-ac.pdb : {'A': [38, 40, 42, 66, 68, 72, 90, 91, 118, 119, 120, 141, 142, 143, 144, 169, 170, 198, 199, 300, 301, 302, 411, 441]}
res_24-ad.pdb : {'A': [40, 41, 42, 66, 67, 68, 72, 91, 117, 118, 119, 141, 142, 143, 169, 170, 199, 300, 301, 302, 402, 411, 441, 458]}
res_24-ae.pdb : {'A': [40, 42, 66, 68, 71, 72, 90, 91, 119, 141, 142, 143, 144, 169, 170, 198, 199, 300, 301, 302, 402, 411, 441, 458]}
res_24-af.pdb : {'A': [40, 42, 66, 68, 71, 72, 91, 118, 119, 141, 142, 143, 144, 169, 170, 198, 199, 300, 301, 302, 402, 411, 441, 458]}
res_24-ag.pdb : {'A': [40, 42, 66, 68, 71, 72, 91, 119, 120, 141, 142, 143, 144, 169, 170, 198, 199, 300, 301, 302, 402, 411, 441, 458]}
res_24-ah.pdb : {'A': [38, 40, 68, 71, 72, 90, 91, 119, 120, 141, 142, 143, 144, 169, 170, 198, 199, 300, 301, 302, 402, 411, 441, 458]}
res_24-ai.pdb : {'A': [38, 40, 68, 72, 90, 91, 118, 119, 120, 141, 142, 143, 144, 169, 170, 198, 199, 300, 301, 302, 402, 411, 441, 458]}
res_24-aj.pdb : {'A': [40, 41, 42, 66, 67, 68, 72, 89, 90, 91, 118, 119, 141, 142, 143, 169, 170, 199, 300, 301, 302, 402, 411, 441]}
res_24-ak.pdb : {'A': [40, 41, 42, 66, 67, 68, 72, 89, 90, 91, 118, 119, 120, 141, 142, 143, 169, 170, 199, 300, 301, 302, 411, 441]}
res_24-al.pdb : {'A': [40, 41, 42, 66, 67, 68, 72, 89, 90, 91, 118, 119, 141, 142, 143, 144, 169, 170, 199, 300, 301, 302, 411, 441]}
res_24-am.pdb : {'A': [40, 41, 42, 66, 67, 68, 72, 89, 90, 91, 117, 118, 119, 141, 142, 143, 169, 170, 199, 300, 301, 302, 411, 441]}
res_24-an.pdb : {'A': [40, 41, 42, 66, 67, 68, 72, 91, 117, 118, 119, 120, 141, 142, 143, 169, 170, 199, 300, 301, 302, 402, 411, 441]}
res_24-ao.pdb : {'A': [40, 42, 66, 68, 71, 72, 90, 91, 118, 119, 141, 142, 143, 144, 169, 170, 198, 199, 300, 301, 302, 402, 411, 441]}
res_24-ap.pdb : {'A': [40, 42, 66, 68, 71, 72, 90, 91, 119, 120, 141, 142, 143, 144, 169, 170, 198, 199, 300, 301, 302, 402, 411, 441]}
res_24-aq.pdb : {'A': [40, 42, 66, 68, 71, 72, 91, 118, 119, 120, 141, 142, 143, 144, 169, 170, 198, 199, 300, 301, 302, 402, 411, 441]}
res_24-ar.pdb : {'A': [38, 40, 42, 66, 68, 71, 72, 90, 91, 118, 119, 120, 141, 142, 143, 144, 169, 170, 198, 199, 300, 301, 302, 411]}
res_24-as.pdb : {'A': [40, 41, 42, 66, 67, 68, 72, 90, 91, 117, 118, 119, 141, 142, 143, 144, 169, 170, 199, 300, 301, 302, 411, 441]}
res_24-at.pdb : {'A': [40, 41, 66, 67, 68, 72, 90, 91, 117, 118, 141, 142, 143, 144, 169, 170, 199, 300, 301, 302, 402, 411, 441, 458]}
res_24-au.pdb : {'A': [40, 41, 66, 67, 68, 71, 72, 91, 117, 118, 141, 142, 143, 144, 169, 170, 198, 199, 300, 301, 302, 402, 411, 441]}
res_24-av.pdb : {'A': [38, 40, 68, 71, 72, 90, 91, 118, 119, 120, 141, 142, 143, 144, 169, 170, 198, 199, 300, 301, 302, 402, 411, 441]}
res_24-aw.pdb : {'A': [38, 40, 66, 68, 71, 72, 90, 91, 119, 120, 141, 142, 143, 144, 169, 170, 198, 199, 300, 301, 302, 402, 411, 441]}
res_24-ax.pdb : {'A': [38, 40, 42, 68, 71, 72, 90, 91, 119, 120, 141, 142, 143, 144, 169, 170, 198, 199, 300, 301, 302, 402, 411, 441]}
res_24-ay.pdb : {'A': [38, 40, 66, 68, 72, 90, 91, 118, 119, 120, 141, 142, 143, 144, 169, 170, 198, 199, 300, 301, 302, 402, 411, 441]}
res_24-az.pdb : {'A': [38, 40, 42, 68, 72, 90, 91, 118, 119, 120, 141, 142, 143, 144, 169, 170, 198, 199, 300, 301, 302, 402, 411, 441]}
res_24-ba.pdb : {'A': [40, 42, 66, 68, 71, 72, 90, 91, 118, 119, 120, 141, 142, 143, 144, 169, 170, 198, 199, 300, 301, 302, 411, 441]}
res_24-bb.pdb : {'A': [38, 40, 66, 68, 71, 72, 90, 91, 118, 119, 120, 141, 142, 143, 144, 169, 170, 198, 199, 300, 301, 302, 411, 441]}
res_24-bc.pdb : {'A': [40, 41, 66, 67, 68, 71, 72, 91, 117, 118, 120, 141, 142, 143, 144, 169, 170, 198, 199, 300, 301, 302, 411, 441]}
res_24-bd.pdb : {'A': [38, 40, 42, 68, 71, 72, 90, 91, 118, 119, 120, 141, 142, 143, 144, 169, 170, 198, 199, 300, 301, 302, 411, 441]}
res_24-be.pdb : {'A': [40, 41, 66, 67, 68, 71, 72, 90, 91, 117, 118, 141, 142, 143, 144, 169, 170, 198, 199, 300, 301, 302, 411, 441]}
res_24-bf.pdb : {'A': [40, 41, 42, 66, 67, 68, 71, 72, 91, 117, 118, 119, 141, 142, 143, 144, 169, 170, 198, 199, 300, 301, 302, 411]}
res_24-bg.pdb : {'A': [40, 42, 68, 71, 72, 90, 91, 118, 119, 141, 142, 143, 144, 169, 170, 198, 199, 300, 301, 302, 402, 411, 441, 458]}
res_24-bh.pdb : {'A': [40, 42, 68, 71, 72, 90, 91, 119, 120, 141, 142, 143, 144, 169, 170, 198, 199, 300, 301, 302, 402, 411, 441, 458]}
res_24-bi.pdb : {'A': [40, 42, 68, 71, 72, 91, 118, 119, 120, 141, 142, 143, 144, 169, 170, 198, 199, 300, 301, 302, 402, 411, 441, 458]}
res_24-bj.pdb : {'A': [40, 41, 66, 67, 68, 72, 90, 91, 117, 118, 120, 141, 142, 143, 144, 169, 170, 199, 300, 301, 302, 402, 411, 441]}
res_24-bk.pdb : {'A': [40, 41, 42, 66, 67, 68, 72, 89, 90, 91, 117, 118, 119, 141, 142, 143, 144, 169, 170, 199, 300, 301, 302, 411]}
res_24-bl.pdb : {'A': [40, 41, 42, 66, 67, 68, 72, 89, 90, 91, 117, 118, 119, 120, 141, 142, 143, 169, 170, 199, 300, 301, 302, 411]}
res_24-bm.pdb : {'A': [40, 41, 42, 66, 67, 68, 72, 89, 90, 91, 118, 119, 120, 141, 142, 143, 144, 169, 170, 199, 300, 301, 302, 411]}
res_24-bn.pdb : {'A': [40, 41, 42, 66, 67, 68, 72, 90, 91, 117, 118, 119, 120, 141, 142, 143, 144, 169, 170, 199, 300, 301, 302, 411]}
res_24-bo.pdb : {'A': [40, 42, 68, 71, 72, 90, 91, 118, 119, 120, 141, 142, 143, 144, 169, 170, 198, 199, 300, 301, 302, 402, 411, 441]}
res_24-bp.pdb : {'A': [40, 41, 66, 67, 68, 71, 72, 90, 91, 117, 118, 120, 141, 142, 143, 144, 169, 170, 198, 199, 300, 301, 302, 411]}
res_23-aa.pdb : {'A': [38, 40, 42, 66, 68, 72, 90, 91, 119, 120, 141, 143, 144, 169, 170, 198, 199, 300, 301, 302, 402, 411, 441]}
res_23-ab.pdb : {'A': [40, 42, 66, 68, 71, 72, 91, 119, 141, 142, 143, 144, 169, 170, 198, 199, 300, 301, 302, 402, 411, 441, 458]}
res_23-ac.pdb : {'A': [38, 40, 42, 68, 72, 90, 91, 119, 120, 141, 143, 144, 169, 170, 198, 199, 300, 301, 302, 402, 411, 441, 458]}
res_23-ad.pdb : {'A': [38, 40, 66, 68, 72, 90, 91, 119, 120, 141, 143, 144, 169, 170, 198, 199, 300, 301, 302, 402, 411, 441, 458]}
res_23-ae.pdb : {'A': [40, 41, 42, 66, 67, 68, 72, 89, 90, 91, 118, 119, 141, 142, 143, 169, 170, 199, 300, 301, 302, 411, 441]}
res_23-af.pdb : {'A': [40, 41, 42, 66, 67, 68, 72, 91, 117, 118, 119, 141, 142, 143, 169, 170, 199, 300, 301, 302, 402, 411, 441]}
res_23-ag.pdb : {'A': [40, 42, 66, 68, 71, 72, 91, 118, 119, 141, 142, 143, 144, 169, 170, 198, 199, 300, 301, 302, 402, 411, 441]}
res_23-ah.pdb : {'A': [40, 42, 66, 68, 71, 72, 91, 119, 120, 141, 142, 143, 144, 169, 170, 198, 199, 300, 301, 302, 402, 411, 441]}
res_23-ai.pdb : {'A': [40, 42, 66, 68, 71, 72, 90, 91, 119, 141, 142, 143, 144, 169, 170, 198, 199, 300, 301, 302, 402, 411, 441]}
res_23-aj.pdb : {'A': [38, 40, 42, 66, 68, 72, 90, 91, 118, 119, 120, 141, 142, 143, 144, 169, 170, 198, 199, 300, 301, 302, 411]}
res_23-ak.pdb : {'A': [38, 40, 42, 66, 68, 71, 72, 90, 91, 119, 120, 141, 142, 143, 144, 169, 170, 198, 199, 300, 301, 302, 411]}
res_23-al.pdb : {'A': [40, 41, 42, 66, 67, 68, 72, 91, 117, 118, 119, 120, 141, 142, 143, 169, 170, 199, 300, 301, 302, 411, 441]}
res_23-am.pdb : {'A': [40, 41, 66, 67, 68, 72, 91, 117, 118, 120, 141, 142, 143, 169, 170, 199, 300, 301, 302, 402, 411, 441, 458]}
res_23-an.pdb : {'A': [38, 40, 68, 71, 72, 90, 91, 119, 120, 141, 142, 143, 144, 169, 170, 198, 199, 300, 301, 302, 402, 411, 441]}
res_23-ao.pdb : {'A': [38, 40, 68, 72, 90, 91, 118, 119, 120, 141, 142, 143, 144, 169, 170, 198, 199, 300, 301, 302, 402, 411, 441]}
res_23-ap.pdb : {'A': [40, 42, 66, 68, 71, 72, 90, 91, 118, 119, 141, 142, 143, 144, 169, 170, 198, 199, 300, 301, 302, 411, 441]}
res_23-aq.pdb : {'A': [40, 42, 66, 68, 71, 72, 90, 91, 119, 120, 141, 142, 143, 144, 169, 170, 198, 199, 300, 301, 302, 411, 441]}
res_23-ar.pdb : {'A': [40, 42, 66, 68, 71, 72, 91, 118, 119, 120, 141, 142, 143, 144, 169, 170, 198, 199, 300, 301, 302, 411, 441]}
res_23-as.pdb : {'A': [40, 41, 66, 67, 68, 71, 72, 91, 117, 118, 141, 142, 143, 144, 169, 170, 198, 199, 300, 301, 302, 411, 441]}
res_23-at.pdb : {'A': [38, 40, 42, 68, 71, 72, 90, 91, 119, 120, 141, 142, 143, 144, 169, 170, 198, 199, 300, 301, 302, 411, 441]}
res_23-au.pdb : {'A': [38, 40, 68, 71, 72, 90, 91, 118, 119, 120, 141, 142, 143, 144, 169, 170, 198, 199, 300, 301, 302, 411, 441]}
res_23-av.pdb : {'A': [38, 40, 66, 68, 71, 72, 90, 91, 119, 120, 141, 142, 143, 144, 169, 170, 198, 199, 300, 301, 302, 411, 441]}
res_23-aw.pdb : {'A': [38, 40, 66, 68, 72, 90, 91, 118, 119, 120, 141, 142, 143, 144, 169, 170, 198, 199, 300, 301, 302, 411, 441]}
res_23-ax.pdb : {'A': [38, 40, 42, 68, 72, 90, 91, 118, 119, 120, 141, 142, 143, 144, 169, 170, 198, 199, 300, 301, 302, 411, 441]}
res_23-ay.pdb : {'A': [40, 42, 68, 71, 72, 91, 119, 120, 141, 142, 143, 144, 169, 170, 198, 199, 300, 301, 302, 402, 411, 441, 458]}
res_23-az.pdb : {'A': [40, 66, 68, 71, 72, 90, 91, 120, 141, 142, 143, 144, 169, 170, 198, 199, 300, 301, 302, 402, 411, 441, 458]}
res_23-ba.pdb : {'A': [40, 42, 68, 71, 72, 90, 91, 119, 141, 142, 143, 144, 169, 170, 198, 199, 300, 301, 302, 402, 411, 441, 458]}
res_23-bb.pdb : {'A': [40, 42, 68, 71, 72, 91, 118, 119, 141, 142, 143, 144, 169, 170, 198, 199, 300, 301, 302, 402, 411, 441, 458]}
res_23-bc.pdb : {'A': [40, 41, 66, 67, 68, 72, 90, 91, 117, 118, 141, 142, 143, 144, 169, 170, 199, 300, 301, 302, 402, 411, 441]}
res_23-bd.pdb : {'A': [40, 41, 42, 66, 67, 68, 72, 89, 90, 91, 118, 119, 141, 142, 143, 144, 169, 170, 199, 300, 301, 302, 411]}
res_23-be.pdb : {'A': [40, 41, 42, 66, 67, 68, 72, 89, 90, 91, 118, 119, 120, 141, 142, 143, 169, 170, 199, 300, 301, 302, 411]}
res_23-bf.pdb : {'A': [40, 41, 42, 66, 67, 68, 72, 89, 90, 91, 117, 118, 119, 141, 142, 143, 169, 170, 199, 300, 301, 302, 411]}
res_23-bg.pdb : {'A': [40, 41, 66, 67, 68, 72, 90, 91, 117, 118, 120, 141, 142, 143, 144, 169, 170, 199, 300, 301, 302, 411, 441]}
res_23-bh.pdb : {'A': [40, 41, 42, 66, 67, 68, 72, 90, 91, 117, 118, 119, 141, 142, 143, 144, 169, 170, 199, 300, 301, 302, 411]}
res_23-bi.pdb : {'A': [40, 42, 66, 68, 71, 72, 90, 91, 118, 119, 120, 141, 142, 143, 144, 169, 170, 198, 199, 300, 301, 302, 411]}
res_23-bj.pdb : {'A': [40, 42, 68, 71, 72, 91, 118, 119, 120, 141, 142, 143, 144, 169, 170, 198, 199, 300, 301, 302, 402, 411, 441]}
res_23-bk.pdb : {'A': [40, 42, 68, 71, 72, 90, 91, 118, 119, 141, 142, 143, 144, 169, 170, 198, 199, 300, 301, 302, 402, 411, 441]}
res_23-bl.pdb : {'A': [40, 42, 68, 71, 72, 90, 91, 119, 120, 141, 142, 143, 144, 169, 170, 198, 199, 300, 301, 302, 402, 411, 441]}
res_23-bm.pdb : {'A': [38, 40, 66, 68, 71, 72, 90, 91, 118, 119, 120, 141, 142, 143, 144, 169, 170, 198, 199, 300, 301, 302, 411]}
res_23-bn.pdb : {'A': [40, 41, 66, 67, 68, 71, 72, 90, 91, 117, 118, 141, 142, 143, 144, 169, 170, 198, 199, 300, 301, 302, 411]}
res_23-bo.pdb : {'A': [38, 40, 42, 68, 71, 72, 90, 91, 118, 119, 120, 141, 142, 143, 144, 169, 170, 198, 199, 300, 301, 302, 411]}
res_23-bp.pdb : {'A': [40, 41, 66, 67, 68, 71, 72, 91, 117, 118, 120, 141, 142, 143, 144, 169, 170, 198, 199, 300, 301, 302, 411]}
res_23-bq.pdb : {'A': [40, 42, 68, 71, 72, 90, 91, 118, 119, 120, 141, 142, 143, 144, 169, 170, 198, 199, 300, 301, 302, 411, 441]}
res_22-aa.pdb : {'A': [38, 40, 42, 66, 68, 72, 90, 91, 119, 120, 141, 143, 144, 169, 170, 198, 199, 300, 301, 302, 411, 441]}
res_22-ab.pdb : {'A': [38, 40, 68, 72, 90, 91, 119, 120, 141, 143, 144, 169, 170, 198, 199, 300, 301, 302, 402, 411, 441, 458]}
res_22-ac.pdb : {'A': [40, 42, 66, 68, 71, 72, 91, 119, 141, 142, 143, 144, 169, 170, 198, 199, 300, 301, 302, 402, 411, 441]}
res_22-ad.pdb : {'A': [40, 41, 42, 66, 67, 68, 72, 91, 117, 118, 119, 141, 142, 143, 169, 170, 199, 300, 301, 302, 411, 441]}
res_22-ae.pdb : {'A': [40, 41, 66, 67, 68, 72, 91, 117, 118, 141, 142, 143, 169, 170, 199, 300, 301, 302, 402, 411, 441, 458]}
res_22-af.pdb : {'A': [38, 40, 42, 68, 72, 90, 91, 119, 120, 141, 143, 144, 169, 170, 198, 199, 300, 301, 302, 402, 411, 441]}
res_22-ag.pdb : {'A': [38, 40, 66, 68, 72, 90, 91, 119, 120, 141, 143, 144, 169, 170, 198, 199, 300, 301, 302, 402, 411, 441]}
res_22-ah.pdb : {'A': [40, 42, 66, 68, 71, 72, 91, 119, 120, 141, 142, 143, 144, 169, 170, 198, 199, 300, 301, 302, 411, 441]}
res_22-ai.pdb : {'A': [40, 42, 66, 68, 71, 72, 91, 118, 119, 141, 142, 143, 144, 169, 170, 198, 199, 300, 301, 302, 411, 441]}
res_22-aj.pdb : {'A': [40, 42, 66, 68, 71, 72, 90, 91, 119, 141, 142, 143, 144, 169, 170, 198, 199, 300, 301, 302, 411, 441]}
res_22-ak.pdb : {'A': [38, 40, 68, 71, 72, 90, 91, 119, 120, 141, 142, 143, 144, 169, 170, 198, 199, 300, 301, 302, 411, 441]}
res_22-al.pdb : {'A': [38, 40, 68, 72, 90, 91, 118, 119, 120, 141, 142, 143, 144, 169, 170, 198, 199, 300, 301, 302, 411, 441]}
res_22-am.pdb : {'A': [40, 66, 68, 71, 72, 91, 120, 141, 142, 143, 144, 169, 170, 198, 199, 300, 301, 302, 402, 411, 441, 458]}
res_22-an.pdb : {'A': [40, 66, 68, 71, 72, 90, 91, 141, 142, 143, 144, 169, 170, 198, 199, 300, 301, 302, 402, 411, 441, 458]}
res_22-ao.pdb : {'A': [40, 68, 71, 72, 90, 91, 120, 141, 142, 143, 144, 169, 170, 198, 199, 300, 301, 302, 402, 411, 441, 458]}
res_22-ap.pdb : {'A': [40, 42, 68, 71, 72, 91, 119, 141, 142, 143, 144, 169, 170, 198, 199, 300, 301, 302, 402, 411, 441, 458]}
res_22-aq.pdb : {'A': [40, 41, 66, 67, 68, 72, 91, 117, 118, 120, 141, 142, 143, 169, 170, 199, 300, 301, 302, 402, 411, 441]}
res_22-ar.pdb : {'A': [40, 41, 42, 66, 67, 68, 72, 89, 90, 91, 118, 119, 141, 142, 143, 169, 170, 199, 300, 301, 302, 411]}
res_22-as.pdb : {'A': [40, 41, 66, 67, 68, 72, 90, 91, 117, 118, 141, 142, 143, 144, 169, 170, 199, 300, 301, 302, 411, 441]}
res_22-at.pdb : {'A': [40, 41, 42, 66, 67, 68, 72, 91, 117, 118, 119, 120, 141, 142, 143, 169, 170, 199, 300, 301, 302, 411]}
res_22-au.pdb : {'A': [40, 42, 66, 68, 71, 72, 91, 118, 119, 120, 141, 142, 143, 144, 169, 170, 198, 199, 300, 301, 302, 411]}
res_22-av.pdb : {'A': [40, 42, 66, 68, 71, 72, 90, 91, 118, 119, 141, 142, 143, 144, 169, 170, 198, 199, 300, 301, 302, 411]}
res_22-aw.pdb : {'A': [40, 42, 66, 68, 71, 72, 90, 91, 119, 120, 141, 142, 143, 144, 169, 170, 198, 199, 300, 301, 302, 411]}
res_22-ax.pdb : {'A': [40, 66, 68, 71, 72, 90, 91, 120, 141, 142, 143, 144, 169, 170, 198, 199, 300, 301, 302, 402, 411, 441]}
res_22-ay.pdb : {'A': [40, 42, 68, 71, 72, 91, 118, 119, 141, 142, 143, 144, 169, 170, 198, 199, 300, 301, 302, 402, 411, 441]}
res_22-az.pdb : {'A': [40, 42, 68, 71, 72, 90, 91, 119, 141, 142, 143, 144, 169, 170, 198, 199, 300, 301, 302, 402, 411, 441]}
res_22-ba.pdb : {'A': [40, 42, 68, 71, 72, 91, 119, 120, 141, 142, 143, 144, 169, 170, 198, 199, 300, 301, 302, 402, 411, 441]}
res_22-bb.pdb : {'A': [38, 40, 42, 68, 71, 72, 90, 91, 119, 120, 141, 142, 143, 144, 169, 170, 198, 199, 300, 301, 302, 411]}
res_22-bc.pdb : {'A': [38, 40, 42, 68, 72, 90, 91, 118, 119, 120, 141, 142, 143, 144, 169, 170, 198, 199, 300, 301, 302, 411]}
res_22-bd.pdb : {'A': [40, 41, 66, 67, 68, 71, 72, 91, 117, 118, 141, 142, 143, 144, 169, 170, 198, 199, 300, 301, 302, 411]}
res_22-be.pdb : {'A': [38, 40, 66, 68, 72, 90, 91, 118, 119, 120, 141, 142, 143, 144, 169, 170, 198, 199, 300, 301, 302, 411]}
res_22-bf.pdb : {'A': [38, 40, 66, 68, 71, 72, 90, 91, 119, 120, 141, 142, 143, 144, 169, 170, 198, 199, 300, 301, 302, 411]}
res_22-bg.pdb : {'A': [38, 40, 68, 71, 72, 90, 91, 118, 119, 120, 141, 142, 143, 144, 169, 170, 198, 199, 300, 301, 302, 411]}
res_22-bh.pdb : {'A': [40, 42, 68, 71, 72, 91, 118, 119, 120, 141, 142, 143, 144, 169, 170, 198, 199, 300, 301, 302, 411, 441]}
res_22-bi.pdb : {'A': [40, 42, 68, 71, 72, 90, 91, 119, 120, 141, 142, 143, 144, 169, 170, 198, 199, 300, 301, 302, 411, 441]}
res_22-bj.pdb : {'A': [40, 42, 68, 71, 72, 90, 91, 118, 119, 141, 142, 143, 144, 169, 170, 198, 199, 300, 301, 302, 411, 441]}
res_22-bk.pdb : {'A': [40, 41, 66, 67, 68, 72, 90, 91, 117, 118, 120, 141, 142, 143, 144, 169, 170, 199, 300, 301, 302, 411]}
res_22-bl.pdb : {'A': [40, 42, 68, 71, 72, 90, 91, 118, 119, 120, 141, 142, 143, 144, 169, 170, 198, 199, 300, 301, 302, 411]}
res_21-aa.pdb : {'A': [40, 42, 66, 72, 90, 118, 119, 120, 141, 142, 144, 169, 170, 199, 300, 301, 302, 402, 411, 441, 458]}
res_21-ab.pdb : {'A': [38, 40, 42, 66, 68, 72, 90, 91, 119, 120, 141, 143, 144, 169, 170, 198, 199, 300, 301, 302, 411]}
res_21-ac.pdb : {'A': [38, 40, 68, 72, 90, 91, 119, 120, 141, 143, 144, 169, 170, 198, 199, 300, 301, 302, 402, 411, 441]}
res_21-ad.pdb : {'A': [40, 42, 66, 68, 71, 72, 91, 119, 141, 142, 143, 144, 169, 170, 198, 199, 300, 301, 302, 411, 441]}
res_21-ae.pdb : {'A': [38, 40, 42, 68, 72, 90, 91, 119, 120, 141, 143, 144, 169, 170, 198, 199, 300, 301, 302, 411, 441]}
res_21-af.pdb : {'A': [38, 40, 66, 68, 72, 90, 91, 119, 120, 141, 143, 144, 169, 170, 198, 199, 300, 301, 302, 411, 441]}
res_21-ag.pdb : {'A': [40, 68, 71, 72, 90, 91, 141, 142, 143, 144, 169, 170, 198, 199, 300, 301, 302, 402, 411, 441, 458]}
res_21-ah.pdb : {'A': [40, 66, 68, 71, 72, 91, 141, 142, 143, 144, 169, 170, 198, 199, 300, 301, 302, 402, 411, 441, 458]}
res_21-ai.pdb : {'A': [40, 68, 71, 72, 91, 120, 141, 142, 143, 144, 169, 170, 198, 199, 300, 301, 302, 402, 411, 441, 458]}
res_21-aj.pdb : {'A': [40, 41, 66, 67, 68, 72, 91, 117, 118, 141, 142, 143, 169, 170, 199, 300, 301, 302, 402, 411, 441]}
res_21-ak.pdb : {'A': [40, 41, 66, 67, 68, 72, 91, 117, 118, 120, 141, 142, 143, 169, 170, 199, 300, 301, 302, 411, 441]}
res_21-al.pdb : {'A': [40, 41, 42, 66, 67, 68, 72, 91, 117, 118, 119, 141, 142, 143, 169, 170, 199, 300, 301, 302, 411]}
res_21-am.pdb : {'A': [40, 42, 66, 68, 71, 72, 91, 118, 119, 141, 142, 143, 144, 169, 170, 198, 199, 300, 301, 302, 411]}
res_21-an.pdb : {'A': [40, 42, 66, 68, 71, 72, 90, 91, 119, 141, 142, 143, 144, 169, 170, 198, 199, 300, 301, 302, 411]}
res_21-ao.pdb : {'A': [40, 42, 66, 68, 71, 72, 91, 119, 120, 141, 142, 143, 144, 169, 170, 198, 199, 300, 301, 302, 411]}
res_21-ap.pdb : {'A': [40, 42, 68, 71, 72, 91, 119, 141, 142, 143, 144, 169, 170, 198, 199, 300, 301, 302, 402, 411, 441]}
res_21-aq.pdb : {'A': [40, 68, 71, 72, 90, 91, 120, 141, 142, 143, 144, 169, 170, 198, 199, 300, 301, 302, 402, 411, 441]}
res_21-ar.pdb : {'A': [40, 66, 68, 71, 72, 91, 120, 141, 142, 143, 144, 169, 170, 198, 199, 300, 301, 302, 402, 411, 441]}
res_21-as.pdb : {'A': [40, 66, 68, 71, 72, 90, 91, 141, 142, 143, 144, 169, 170, 198, 199, 300, 301, 302, 402, 411, 441]}
res_21-at.pdb : {'A': [38, 40, 68, 71, 72, 90, 91, 119, 120, 141, 142, 143, 144, 169, 170, 198, 199, 300, 301, 302, 411]}
res_21-au.pdb : {'A': [38, 40, 68, 72, 90, 91, 118, 119, 120, 141, 142, 143, 144, 169, 170, 198, 199, 300, 301, 302, 411]}
res_21-av.pdb : {'A': [40, 42, 68, 71, 72, 90, 91, 119, 141, 142, 143, 144, 169, 170, 198, 199, 300, 301, 302, 411, 441]}
res_21-aw.pdb : {'A': [40, 42, 68, 71, 72, 91, 119, 120, 141, 142, 143, 144, 169, 170, 198, 199, 300, 301, 302, 411, 441]}
res_21-ax.pdb : {'A': [40, 42, 68, 71, 72, 91, 118, 119, 141, 142, 143, 144, 169, 170, 198, 199, 300, 301, 302, 411, 441]}
res_21-ay.pdb : {'A': [40, 66, 68, 71, 72, 90, 91, 120, 141, 142, 143, 144, 169, 170, 198, 199, 300, 301, 302, 411, 441]}
res_21-az.pdb : {'A': [40, 41, 66, 67, 68, 72, 90, 91, 117, 118, 141, 142, 143, 144, 169, 170, 199, 300, 301, 302, 411]}
res_21-ba.pdb : {'A': [40, 42, 68, 71, 72, 91, 118, 119, 120, 141, 142, 143, 144, 169, 170, 198, 199, 300, 301, 302, 411]}
res_21-bb.pdb : {'A': [40, 42, 68, 71, 72, 90, 91, 119, 120, 141, 142, 143, 144, 169, 170, 198, 199, 300, 301, 302, 411]}
res_21-bc.pdb : {'A': [40, 42, 68, 71, 72, 90, 91, 118, 119, 141, 142, 143, 144, 169, 170, 198, 199, 300, 301, 302, 411]}
res_20-aa.pdb : {'A': [40, 42, 66, 72, 90, 118, 119, 141, 142, 144, 169, 170, 199, 300, 301, 302, 402, 411, 441, 458]}
res_20-ab.pdb : {'A': [38, 40, 68, 72, 90, 91, 119, 120, 141, 143, 144, 169, 170, 198, 199, 300, 301, 302, 411, 441]}
res_20-ac.pdb : {'A': [40, 42, 66, 72, 90, 118, 119, 120, 141, 142, 144, 169, 170, 199, 300, 301, 302, 402, 411, 441]}
res_20-ad.pdb : {'A': [40, 68, 71, 72, 91, 141, 142, 143, 144, 169, 170, 198, 199, 300, 301, 302, 402, 411, 441, 458]}
res_20-ae.pdb : {'A': [40, 41, 66, 67, 68, 72, 91, 117, 118, 141, 142, 143, 169, 170, 199, 300, 301, 302, 411, 441]}
res_20-af.pdb : {'A': [40, 42, 66, 68, 71, 72, 91, 119, 141, 142, 143, 144, 169, 170, 198, 199, 300, 301, 302, 411]}
res_20-ag.pdb : {'A': [40, 42, 72, 90, 118, 119, 120, 141, 142, 144, 169, 170, 199, 300, 301, 302, 402, 411, 441, 458]}
res_20-ah.pdb : {'A': [40, 68, 71, 72, 90, 91, 141, 142, 143, 144, 169, 170, 198, 199, 300, 301, 302, 402, 411, 441]}
res_20-ai.pdb : {'A': [40, 68, 71, 72, 91, 120, 141, 142, 143, 144, 169, 170, 198, 199, 300, 301, 302, 402, 411, 441]}
res_20-aj.pdb : {'A': [40, 66, 68, 71, 72, 91, 141, 142, 143, 144, 169, 170, 198, 199, 300, 301, 302, 402, 411, 441]}
res_20-ak.pdb : {'A': [38, 40, 66, 68, 72, 90, 91, 119, 120, 141, 143, 144, 169, 170, 198, 199, 300, 301, 302, 411]}
res_20-al.pdb : {'A': [38, 40, 42, 68, 72, 90, 91, 119, 120, 141, 143, 144, 169, 170, 198, 199, 300, 301, 302, 411]}
res_20-am.pdb : {'A': [40, 66, 68, 71, 72, 90, 91, 141, 142, 143, 144, 169, 170, 198, 199, 300, 301, 302, 411, 441]}
res_20-an.pdb : {'A': [40, 66, 68, 71, 72, 91, 120, 141, 142, 143, 144, 169, 170, 198, 199, 300, 301, 302, 411, 441]}
res_20-ao.pdb : {'A': [40, 68, 71, 72, 90, 91, 120, 141, 142, 143, 144, 169, 170, 198, 199, 300, 301, 302, 411, 441]}
res_20-ap.pdb : {'A': [40, 42, 68, 71, 72, 91, 119, 141, 142, 143, 144, 169, 170, 198, 199, 300, 301, 302, 411, 441]}
res_20-aq.pdb : {'A': [40, 41, 66, 67, 68, 72, 91, 117, 118, 120, 141, 142, 143, 169, 170, 199, 300, 301, 302, 411]}
res_20-ar.pdb : {'A': [40, 66, 68, 71, 72, 90, 91, 120, 141, 142, 143, 144, 169, 170, 198, 199, 300, 301, 302, 411]}
res_20-as.pdb : {'A': [40, 42, 68, 71, 72, 91, 119, 120, 141, 142, 143, 144, 169, 170, 198, 199, 300, 301, 302, 411]}
res_20-at.pdb : {'A': [40, 42, 68, 71, 72, 90, 91, 119, 141, 142, 143, 144, 169, 170, 198, 199, 300, 301, 302, 411]}
res_20-au.pdb : {'A': [40, 42, 68, 71, 72, 91, 118, 119, 141, 142, 143, 144, 169, 170, 198, 199, 300, 301, 302, 411]}
res_19-aa.pdb : {'A': [40, 42, 66, 72, 118, 119, 120, 141, 142, 169, 170, 199, 300, 301, 302, 402, 411, 441, 458]}
res_19-ab.pdb : {'A': [40, 42, 66, 72, 90, 119, 120, 141, 144, 169, 170, 199, 300, 301, 302, 402, 411, 441, 458]}
res_19-ac.pdb : {'A': [40, 42, 66, 72, 90, 118, 119, 141, 142, 144, 169, 170, 199, 300, 301, 302, 402, 411, 441]}
res_19-ad.pdb : {'A': [40, 42, 66, 72, 90, 118, 119, 120, 141, 142, 144, 169, 170, 199, 300, 301, 302, 411, 441]}
res_19-ae.pdb : {'A': [40, 42, 72, 90, 118, 119, 141, 142, 144, 169, 170, 199, 300, 301, 302, 402, 411, 441, 458]}
res_19-af.pdb : {'A': [40, 68, 71, 72, 91, 141, 142, 143, 144, 169, 170, 198, 199, 300, 301, 302, 402, 411, 441]}
res_19-ag.pdb : {'A': [38, 40, 68, 72, 90, 91, 119, 120, 141, 143, 144, 169, 170, 198, 199, 300, 301, 302, 411]}
res_19-ah.pdb : {'A': [40, 66, 68, 71, 72, 91, 141, 142, 143, 144, 169, 170, 198, 199, 300, 301, 302, 411, 441]}
res_19-ai.pdb : {'A': [40, 68, 71, 72, 90, 91, 141, 142, 143, 144, 169, 170, 198, 199, 300, 301, 302, 411, 441]}
res_19-aj.pdb : {'A': [40, 68, 71, 72, 91, 120, 141, 142, 143, 144, 169, 170, 198, 199, 300, 301, 302, 411, 441]}
res_19-ak.pdb : {'A': [40, 42, 72, 90, 118, 119, 120, 141, 142, 144, 169, 170, 199, 300, 301, 302, 402, 411, 441]}
res_19-al.pdb : {'A': [40, 41, 66, 67, 68, 72, 91, 117, 118, 141, 142, 143, 169, 170, 199, 300, 301, 302, 411]}
res_19-am.pdb : {'A': [40, 42, 68, 71, 72, 91, 119, 141, 142, 143, 144, 169, 170, 198, 199, 300, 301, 302, 411]}
res_19-an.pdb : {'A': [40, 66, 68, 71, 72, 90, 91, 141, 142, 143, 144, 169, 170, 198, 199, 300, 301, 302, 411]}
res_19-ao.pdb : {'A': [40, 66, 68, 71, 72, 91, 120, 141, 142, 143, 144, 169, 170, 198, 199, 300, 301, 302, 411]}
res_19-ap.pdb : {'A': [40, 68, 71, 72, 90, 91, 120, 141, 142, 143, 144, 169, 170, 198, 199, 300, 301, 302, 411]}
res_18-aa.pdb : {'A': [40, 42, 66, 72, 118, 119, 141, 142, 169, 170, 199, 300, 301, 302, 402, 411, 441, 458]}
res_18-ab.pdb : {'A': [40, 42, 66, 72, 90, 119, 141, 144, 169, 170, 199, 300, 301, 302, 402, 411, 441, 458]}
res_18-ac.pdb : {'A': [40, 42, 66, 72, 118, 119, 120, 141, 142, 169, 170, 199, 300, 301, 302, 402, 411, 441]}
res_18-ad.pdb : {'A': [40, 42, 66, 72, 90, 119, 120, 141, 144, 169, 170, 199, 300, 301, 302, 402, 411, 441]}
res_18-ae.pdb : {'A': [40, 42, 66, 72, 90, 118, 119, 141, 142, 144, 169, 170, 199, 300, 301, 302, 411, 441]}
res_18-af.pdb : {'A': [40, 42, 72, 90, 119, 120, 141, 144, 169, 170, 199, 300, 301, 302, 402, 411, 441, 458]}
res_18-ag.pdb : {'A': [40, 42, 72, 118, 119, 120, 141, 142, 169, 170, 199, 300, 301, 302, 402, 411, 441, 458]}
res_18-ah.pdb : {'A': [40, 68, 71, 72, 91, 141, 142, 143, 144, 169, 170, 198, 199, 300, 301, 302, 411, 441]}
res_18-ai.pdb : {'A': [40, 42, 66, 72, 90, 118, 119, 120, 141, 142, 144, 169, 170, 199, 300, 301, 302, 411]}
res_18-aj.pdb : {'A': [40, 42, 72, 90, 118, 119, 141, 142, 144, 169, 170, 199, 300, 301, 302, 402, 411, 441]}
res_18-ak.pdb : {'A': [40, 42, 72, 90, 118, 119, 120, 141, 142, 144, 169, 170, 199, 300, 301, 302, 411, 441]}
res_18-al.pdb : {'A': [40, 68, 71, 72, 91, 120, 141, 142, 143, 144, 169, 170, 198, 199, 300, 301, 302, 411]}
res_18-am.pdb : {'A': [40, 68, 71, 72, 90, 91, 141, 142, 143, 144, 169, 170, 198, 199, 300, 301, 302, 411]}
res_18-an.pdb : {'A': [40, 66, 68, 71, 72, 91, 141, 142, 143, 144, 169, 170, 198, 199, 300, 301, 302, 411]}
res_17-aa.pdb : {'A': [40, 42, 66, 72, 119, 120, 141, 169, 170, 199, 300, 301, 302, 402, 411, 441, 458]}
res_17-ab.pdb : {'A': [40, 42, 66, 72, 90, 119, 141, 144, 169, 170, 199, 300, 301, 302, 402, 411, 441]}
res_17-ac.pdb : {'A': [40, 42, 66, 72, 118, 119, 141, 142, 169, 170, 199, 300, 301, 302, 402, 411, 441]}
res_17-ad.pdb : {'A': [40, 42, 66, 72, 90, 119, 120, 141, 144, 169, 170, 199, 300, 301, 302, 411, 441]}
res_17-ae.pdb : {'A': [40, 42, 66, 72, 118, 119, 120, 141, 142, 169, 170, 199, 300, 301, 302, 411, 441]}
res_17-af.pdb : {'A': [40, 66, 72, 90, 120, 141, 144, 169, 170, 199, 300, 301, 302, 402, 411, 441, 458]}
res_17-ag.pdb : {'A': [40, 42, 72, 90, 119, 141, 144, 169, 170, 199, 300, 301, 302, 402, 411, 441, 458]}
res_17-ah.pdb : {'A': [40, 42, 72, 118, 119, 141, 142, 169, 170, 199, 300, 301, 302, 402, 411, 441, 458]}
res_17-ai.pdb : {'A': [40, 42, 66, 72, 90, 118, 119, 141, 142, 144, 169, 170, 199, 300, 301, 302, 411]}
res_17-aj.pdb : {'A': [40, 42, 72, 90, 119, 120, 141, 144, 169, 170, 199, 300, 301, 302, 402, 411, 441]}
res_17-ak.pdb : {'A': [40, 42, 72, 118, 119, 120, 141, 142, 169, 170, 199, 300, 301, 302, 402, 411, 441]}
res_17-al.pdb : {'A': [40, 42, 72, 90, 118, 119, 141, 142, 144, 169, 170, 199, 300, 301, 302, 411, 441]}
res_17-am.pdb : {'A': [40, 68, 71, 72, 91, 141, 142, 143, 144, 169, 170, 198, 199, 300, 301, 302, 411]}
res_17-an.pdb : {'A': [40, 42, 72, 90, 118, 119, 120, 141, 142, 144, 169, 170, 199, 300, 301, 302, 411]}
res_16-aa.pdb : {'A': [40, 42, 66, 72, 119, 141, 169, 170, 199, 300, 301, 302, 402, 411, 441, 458]}
res_16-ab.pdb : {'A': [40, 42, 66, 72, 119, 120, 141, 169, 170, 199, 300, 301, 302, 402, 411, 441]}
res_16-ac.pdb : {'A': [40, 42, 66, 72, 90, 119, 141, 144, 169, 170, 199, 300, 301, 302, 411, 441]}
res_16-ad.pdb : {'A': [40, 42, 66, 72, 118, 119, 141, 142, 169, 170, 199, 300, 301, 302, 411, 441]}
res_16-ae.pdb : {'A': [40, 42, 72, 119, 120, 141, 169, 170, 199, 300, 301, 302, 402, 411, 441, 458]}
res_16-af.pdb : {'A': [40, 66, 72, 90, 141, 144, 169, 170, 199, 300, 301, 302, 402, 411, 441, 458]}
res_16-ag.pdb : {'A': [40, 72, 90, 120, 141, 144, 169, 170, 199, 300, 301, 302, 402, 411, 441, 458]}
res_16-ah.pdb : {'A': [40, 42, 66, 72, 118, 119, 120, 141, 142, 169, 170, 199, 300, 301, 302, 411]}
res_16-ai.pdb : {'A': [40, 42, 66, 72, 90, 119, 120, 141, 144, 169, 170, 199, 300, 301, 302, 411]}
res_16-aj.pdb : {'A': [40, 42, 72, 118, 119, 141, 142, 169, 170, 199, 300, 301, 302, 402, 411, 441]}
res_16-ak.pdb : {'A': [40, 66, 72, 90, 120, 141, 144, 169, 170, 199, 300, 301, 302, 402, 411, 441]}
res_16-al.pdb : {'A': [40, 42, 72, 90, 119, 141, 144, 169, 170, 199, 300, 301, 302, 402, 411, 441]}
res_16-am.pdb : {'A': [40, 42, 72, 90, 119, 120, 141, 144, 169, 170, 199, 300, 301, 302, 411, 441]}
res_16-an.pdb : {'A': [40, 42, 72, 118, 119, 120, 141, 142, 169, 170, 199, 300, 301, 302, 411, 441]}
res_16-ao.pdb : {'A': [40, 42, 72, 90, 118, 119, 141, 142, 144, 169, 170, 199, 300, 301, 302, 411]}
res_15-aa.pdb : {'A': [40, 42, 66, 72, 119, 141, 169, 170, 199, 300, 301, 302, 402, 411, 441]}
res_15-ab.pdb : {'A': [40, 42, 66, 72, 119, 120, 141, 169, 170, 199, 300, 301, 302, 411, 441]}
res_15-ac.pdb : {'A': [40, 42, 72, 119, 141, 169, 170, 199, 300, 301, 302, 402, 411, 441, 458]}
res_15-ad.pdb : {'A': [40, 66, 72, 120, 141, 169, 170, 199, 300, 301, 302, 402, 411, 441, 458]}
res_15-ae.pdb : {'A': [40, 72, 90, 141, 144, 169, 170, 199, 300, 301, 302, 402, 411, 441, 458]}
res_15-af.pdb : {'A': [40, 42, 66, 72, 118, 119, 141, 142, 169, 170, 199, 300, 301, 302, 411]}
res_15-ag.pdb : {'A': [40, 42, 66, 72, 90, 119, 141, 144, 169, 170, 199, 300, 301, 302, 411]}
res_15-ah.pdb : {'A': [40, 42, 72, 119, 120, 141, 169, 170, 199, 300, 301, 302, 402, 411, 441]}
res_15-ai.pdb : {'A': [40, 66, 72, 90, 141, 144, 169, 170, 199, 300, 301, 302, 402, 411, 441]}
res_15-aj.pdb : {'A': [40, 72, 90, 120, 141, 144, 169, 170, 199, 300, 301, 302, 402, 411, 441]}
res_15-ak.pdb : {'A': [40, 42, 72, 118, 119, 141, 142, 169, 170, 199, 300, 301, 302, 411, 441]}
res_15-al.pdb : {'A': [40, 66, 72, 90, 120, 141, 144, 169, 170, 199, 300, 301, 302, 411, 441]}
res_15-am.pdb : {'A': [40, 42, 72, 90, 119, 141, 144, 169, 170, 199, 300, 301, 302, 411, 441]}
res_15-an.pdb : {'A': [40, 42, 72, 118, 119, 120, 141, 142, 169, 170, 199, 300, 301, 302, 411]}
res_15-ao.pdb : {'A': [40, 42, 72, 90, 119, 120, 141, 144, 169, 170, 199, 300, 301, 302, 411]}
res_14-aa.pdb : {'A': [40, 42, 66, 72, 119, 141, 169, 170, 199, 300, 301, 302, 411, 441]}
res_14-ab.pdb : {'A': [40, 72, 120, 141, 169, 170, 199, 300, 301, 302, 402, 411, 441, 458]}
res_14-ac.pdb : {'A': [40, 66, 72, 141, 169, 170, 199, 300, 301, 302, 402, 411, 441, 458]}
res_14-ad.pdb : {'A': [40, 42, 66, 72, 119, 120, 141, 169, 170, 199, 300, 301, 302, 411]}
res_14-ae.pdb : {'A': [40, 42, 72, 119, 141, 169, 170, 199, 300, 301, 302, 402, 411, 441]}
res_14-af.pdb : {'A': [40, 72, 90, 141, 144, 169, 170, 199, 300, 301, 302, 402, 411, 441]}
res_14-ag.pdb : {'A': [40, 66, 72, 120, 141, 169, 170, 199, 300, 301, 302, 402, 411, 441]}
res_14-ah.pdb : {'A': [40, 66, 72, 90, 141, 144, 169, 170, 199, 300, 301, 302, 411, 441]}
res_14-ai.pdb : {'A': [40, 72, 90, 120, 141, 144, 169, 170, 199, 300, 301, 302, 411, 441]}
res_14-aj.pdb : {'A': [40, 42, 72, 119, 120, 141, 169, 170, 199, 300, 301, 302, 411, 441]}
res_14-ak.pdb : {'A': [40, 42, 72, 118, 119, 141, 142, 169, 170, 199, 300, 301, 302, 411]}
res_14-al.pdb : {'A': [40, 66, 72, 90, 120, 141, 144, 169, 170, 199, 300, 301, 302, 411]}
res_14-am.pdb : {'A': [40, 42, 72, 90, 119, 141, 144, 169, 170, 199, 300, 301, 302, 411]}
res_13-aa.pdb : {'A': [40, 72, 141, 169, 170, 199, 300, 301, 302, 402, 411, 441, 458]}
res_13-ab.pdb : {'A': [40, 42, 66, 72, 119, 141, 169, 170, 199, 300, 301, 302, 411]}
res_13-ac.pdb : {'A': [40, 72, 120, 141, 169, 170, 199, 300, 301, 302, 402, 411, 441]}
res_13-ad.pdb : {'A': [40, 66, 72, 141, 169, 170, 199, 300, 301, 302, 402, 411, 441]}
res_13-ae.pdb : {'A': [40, 72, 90, 141, 144, 169, 170, 199, 300, 301, 302, 411, 441]}
res_13-af.pdb : {'A': [40, 42, 72, 119, 141, 169, 170, 199, 300, 301, 302, 411, 441]}
res_13-ag.pdb : {'A': [40, 66, 72, 120, 141, 169, 170, 199, 300, 301, 302, 411, 441]}
res_13-ah.pdb : {'A': [40, 66, 72, 90, 141, 144, 169, 170, 199, 300, 301, 302, 411]}
res_13-ai.pdb : {'A': [40, 42, 72, 119, 120, 141, 169, 170, 199, 300, 301, 302, 411]}
res_13-aj.pdb : {'A': [40, 72, 90, 120, 141, 144, 169, 170, 199, 300, 301, 302, 411]}
res_12-aa.pdb : {'A': [40, 72, 141, 169, 170, 199, 300, 301, 302, 402, 411, 441]}
res_12-ab.pdb : {'A': [40, 72, 120, 141, 169, 170, 199, 300, 301, 302, 411, 441]}
res_12-ac.pdb : {'A': [40, 66, 72, 141, 169, 170, 199, 300, 301, 302, 411, 441]}
res_12-ad.pdb : {'A': [40, 66, 72, 120, 141, 169, 170, 199, 300, 301, 302, 411]}
res_12-ae.pdb : {'A': [40, 42, 72, 119, 141, 169, 170, 199, 300, 301, 302, 411]}
res_12-af.pdb : {'A': [40, 72, 90, 141, 144, 169, 170, 199, 300, 301, 302, 411]}
res_11-aa.pdb : {'A': [40, 72, 141, 169, 170, 199, 300, 301, 302, 411, 441]}
res_11-ab.pdb : {'A': [40, 72, 120, 141, 169, 170, 199, 300, 301, 302, 411]}
res_11-ac.pdb : {'A': [40, 66, 72, 141, 169, 170, 199, 300, 301, 302, 411]}
res_10-aa.pdb : {'A': [40, 72, 141, 169, 170, 199, 300, 301, 302, 411]}
res_27-bd.pdb : {'A': [40, 41, 42, 66, 67, 68, 72, 89, 90, 91, 117, 118, 119, 120, 141, 142, 143, 144, 169, 170, 300, 301, 302, 402, 411, 441, 458]}
res_26-bh.pdb : {'A': [40, 41, 42, 66, 67, 68, 72, 89, 90, 91, 117, 118, 119, 120, 141, 142, 143, 169, 170, 300, 301, 302, 402, 411, 441, 458]}
res_26-bi.pdb : {'A': [40, 41, 42, 66, 67, 68, 72, 89, 90, 91, 117, 118, 119, 141, 142, 143, 144, 169, 170, 300, 301, 302, 402, 411, 441, 458]}
res_26-bj.pdb : {'A': [40, 41, 42, 66, 67, 68, 72, 90, 91, 117, 118, 119, 120, 141, 142, 143, 144, 169, 170, 300, 301, 302, 402, 411, 441, 458]}
res_26-bk.pdb : {'A': [40, 41, 42, 66, 67, 68, 72, 89, 90, 91, 117, 118, 119, 120, 141, 142, 143, 144, 169, 170, 300, 301, 302, 402, 411, 441]}
res_25-bl.pdb : {'A': [40, 41, 42, 66, 67, 68, 72, 89, 90, 91, 117, 118, 119, 141, 142, 143, 169, 170, 300, 301, 302, 402, 411, 441, 458]}
res_25-bm.pdb : {'A': [41, 42, 66, 67, 68, 72, 89, 90, 91, 118, 119, 120, 141, 142, 143, 144, 169, 170, 300, 301, 302, 402, 411, 441, 458]}
res_25-bn.pdb : {'A': [40, 41, 42, 66, 67, 68, 72, 90, 91, 117, 118, 119, 141, 142, 143, 144, 169, 170, 300, 301, 302, 402, 411, 441, 458]}
res_25-bo.pdb : {'A': [40, 41, 42, 66, 67, 68, 72, 89, 90, 91, 117, 118, 119, 141, 142, 143, 144, 169, 170, 300, 301, 302, 402, 411, 441]}
res_25-bp.pdb : {'A': [40, 41, 42, 66, 67, 68, 72, 89, 90, 91, 117, 118, 119, 120, 141, 142, 143, 169, 170, 300, 301, 302, 402, 411, 441]}
res_25-bq.pdb : {'A': [40, 41, 42, 66, 67, 68, 72, 89, 90, 91, 117, 118, 119, 120, 141, 142, 143, 144, 169, 170, 300, 301, 302, 411, 441]}
res_25-br.pdb : {'A': [40, 41, 42, 66, 67, 68, 72, 90, 91, 117, 118, 119, 120, 141, 142, 143, 144, 169, 170, 300, 301, 302, 402, 411, 441]}
res_24-bq.pdb : {'A': [41, 42, 66, 67, 68, 72, 89, 90, 91, 118, 119, 120, 141, 142, 143, 169, 170, 300, 301, 302, 402, 411, 441, 458]}
res_24-br.pdb : {'A': [41, 42, 66, 67, 68, 72, 89, 90, 91, 118, 119, 141, 142, 143, 144, 169, 170, 300, 301, 302, 402, 411, 441, 458]}
res_24-bs.pdb : {'A': [40, 41, 42, 66, 67, 68, 72, 91, 117, 118, 119, 120, 141, 142, 143, 169, 170, 300, 301, 302, 402, 411, 441, 458]}
res_24-bt.pdb : {'A': [40, 41, 42, 66, 67, 68, 72, 89, 90, 91, 117, 118, 119, 141, 142, 143, 169, 170, 300, 301, 302, 402, 411, 441]}
res_24-bu.pdb : {'A': [41, 42, 66, 67, 68, 72, 89, 90, 91, 118, 119, 120, 141, 142, 143, 144, 169, 170, 300, 301, 302, 402, 411, 441]}
res_24-bv.pdb : {'A': [40, 41, 42, 66, 67, 68, 72, 89, 90, 91, 117, 118, 119, 141, 142, 143, 144, 169, 170, 300, 301, 302, 411, 441]}
res_24-bw.pdb : {'A': [40, 41, 42, 66, 67, 68, 72, 90, 91, 117, 118, 119, 141, 142, 143, 144, 169, 170, 300, 301, 302, 402, 411, 441]}
res_24-bx.pdb : {'A': [40, 41, 42, 66, 67, 68, 72, 89, 90, 91, 117, 118, 119, 120, 141, 142, 143, 169, 170, 300, 301, 302, 411, 441]}
res_24-by.pdb : {'A': [40, 41, 42, 66, 67, 68, 72, 90, 91, 117, 118, 119, 120, 141, 142, 143, 144, 169, 170, 300, 301, 302, 411, 441]}
res_24-bz.pdb : {'A': [40, 41, 66, 67, 68, 72, 90, 91, 117, 118, 120, 141, 142, 143, 144, 169, 170, 300, 301, 302, 402, 411, 441, 458]}
res_24-ca.pdb : {'A': [40, 41, 42, 66, 67, 68, 72, 89, 90, 91, 117, 118, 119, 120, 141, 142, 143, 144, 169, 170, 300, 301, 302, 411]}
res_23-br.pdb : {'A': [41, 42, 66, 67, 68, 72, 89, 90, 91, 118, 119, 141, 142, 143, 169, 170, 300, 301, 302, 402, 411, 441, 458]}
res_23-bs.pdb : {'A': [40, 41, 42, 66, 67, 68, 72, 91, 117, 118, 119, 141, 142, 143, 169, 170, 300, 301, 302, 402, 411, 441, 458]}
res_23-bt.pdb : {'A': [41, 42, 66, 67, 68, 72, 89, 90, 91, 118, 119, 141, 142, 143, 144, 169, 170, 300, 301, 302, 402, 411, 441]}
res_23-bu.pdb : {'A': [41, 42, 66, 67, 68, 72, 89, 90, 91, 118, 119, 120, 141, 142, 143, 169, 170, 300, 301, 302, 402, 411, 441]}
res_23-bv.pdb : {'A': [40, 41, 42, 66, 67, 68, 72, 89, 90, 91, 117, 118, 119, 141, 142, 143, 169, 170, 300, 301, 302, 411, 441]}
res_23-bw.pdb : {'A': [40, 41, 42, 66, 67, 68, 72, 91, 117, 118, 119, 120, 141, 142, 143, 169, 170, 300, 301, 302, 402, 411, 441]}
res_23-bx.pdb : {'A': [41, 42, 66, 67, 68, 72, 89, 90, 91, 118, 119, 120, 141, 142, 143, 144, 169, 170, 300, 301, 302, 411, 441]}
res_23-by.pdb : {'A': [40, 41, 42, 66, 67, 68, 72, 90, 91, 117, 118, 119, 141, 142, 143, 144, 169, 170, 300, 301, 302, 411, 441]}
res_23-bz.pdb : {'A': [40, 41, 66, 67, 68, 72, 90, 91, 117, 118, 141, 142, 143, 144, 169, 170, 300, 301, 302, 402, 411, 441, 458]}
res_23-ca.pdb : {'A': [40, 41, 66, 67, 68, 72, 90, 91, 117, 118, 120, 141, 142, 143, 144, 169, 170, 300, 301, 302, 402, 411, 441]}
res_23-cb.pdb : {'A': [40, 41, 42, 66, 67, 68, 72, 89, 90, 91, 117, 118, 119, 141, 142, 143, 144, 169, 170, 300, 301, 302, 411]}
res_23-cc.pdb : {'A': [40, 41, 42, 66, 67, 68, 72, 89, 90, 91, 117, 118, 119, 120, 141, 142, 143, 169, 170, 300, 301, 302, 411]}
res_23-cd.pdb : {'A': [40, 41, 42, 66, 67, 68, 72, 90, 91, 117, 118, 119, 120, 141, 142, 143, 144, 169, 170, 300, 301, 302, 411]}
res_22-bm.pdb : {'A': [41, 42, 66, 67, 68, 72, 89, 90, 91, 118, 119, 141, 142, 143, 169, 170, 300, 301, 302, 402, 411, 441]}
res_22-bn.pdb : {'A': [40, 41, 42, 66, 67, 68, 72, 91, 117, 118, 119, 141, 142, 143, 169, 170, 300, 301, 302, 402, 411, 441]}
res_22-bo.pdb : {'A': [41, 42, 66, 67, 68, 72, 89, 90, 91, 118, 119, 141, 142, 143, 144, 169, 170, 300, 301, 302, 411, 441]}
res_22-bp.pdb : {'A': [41, 42, 66, 67, 68, 72, 89, 90, 91, 118, 119, 120, 141, 142, 143, 169, 170, 300, 301, 302, 411, 441]}
res_22-bq.pdb : {'A': [40, 41, 42, 66, 67, 68, 72, 91, 117, 118, 119, 120, 141, 142, 143, 169, 170, 300, 301, 302, 411, 441]}
res_22-br.pdb : {'A': [40, 41, 66, 67, 68, 72, 91, 117, 118, 120, 141, 142, 143, 169, 170, 300, 301, 302, 402, 411, 441, 458]}
res_22-bs.pdb : {'A': [40, 41, 66, 67, 68, 72, 90, 91, 117, 118, 141, 142, 143, 144, 169, 170, 300, 301, 302, 402, 411, 441]}
res_22-bt.pdb : {'A': [40, 41, 42, 66, 67, 68, 72, 89, 90, 91, 117, 118, 119, 141, 142, 143, 169, 170, 300, 301, 302, 411]}
res_22-bu.pdb : {'A': [41, 42, 66, 67, 68, 72, 89, 90, 91, 118, 119, 120, 141, 142, 143, 144, 169, 170, 300, 301, 302, 411]}
res_22-bv.pdb : {'A': [40, 41, 66, 67, 68, 72, 90, 91, 117, 118, 120, 141, 142, 143, 144, 169, 170, 300, 301, 302, 411, 441]}
res_22-bw.pdb : {'A': [40, 41, 42, 66, 67, 68, 72, 90, 91, 117, 118, 119, 141, 142, 143, 144, 169, 170, 300, 301, 302, 411]}
res_21-bd.pdb : {'A': [41, 42, 66, 67, 68, 72, 89, 90, 91, 118, 119, 141, 142, 143, 169, 170, 300, 301, 302, 411, 441]}
res_21-be.pdb : {'A': [40, 41, 42, 66, 67, 68, 72, 91, 117, 118, 119, 141, 142, 143, 169, 170, 300, 301, 302, 411, 441]}
res_21-bf.pdb : {'A': [40, 41, 66, 67, 68, 72, 91, 117, 118, 141, 142, 143, 169, 170, 300, 301, 302, 402, 411, 441, 458]}
res_21-bg.pdb : {'A': [40, 41, 66, 67, 68, 72, 91, 117, 118, 120, 141, 142, 143, 169, 170, 300, 301, 302, 402, 411, 441]}
res_21-bh.pdb : {'A': [41, 42, 66, 67, 68, 72, 89, 90, 91, 118, 119, 141, 142, 143, 144, 169, 170, 300, 301, 302, 411]}
res_21-bi.pdb : {'A': [41, 42, 66, 67, 68, 72, 89, 90, 91, 118, 119, 120, 141, 142, 143, 169, 170, 300, 301, 302, 411]}
res_21-bj.pdb : {'A': [40, 41, 66, 67, 68, 72, 90, 91, 117, 118, 141, 142, 143, 144, 169, 170, 300, 301, 302, 411, 441]}
res_21-bk.pdb : {'A': [40, 41, 42, 66, 67, 68, 72, 91, 117, 118, 119, 120, 141, 142, 143, 169, 170, 300, 301, 302, 411]}
res_21-bl.pdb : {'A': [40, 41, 66, 67, 68, 72, 90, 91, 117, 118, 120, 141, 142, 143, 144, 169, 170, 300, 301, 302, 411]}
res_20-av.pdb : {'A': [40, 41, 66, 67, 68, 72, 91, 117, 118, 141, 142, 143, 169, 170, 300, 301, 302, 402, 411, 441]}
res_20-aw.pdb : {'A': [41, 42, 66, 67, 68, 72, 89, 90, 91, 118, 119, 141, 142, 143, 169, 170, 300, 301, 302, 411]}
res_20-ax.pdb : {'A': [40, 41, 66, 67, 68, 72, 91, 117, 118, 120, 141, 142, 143, 169, 170, 300, 301, 302, 411, 441]}
res_20-ay.pdb : {'A': [40, 41, 42, 66, 67, 68, 72, 91, 117, 118, 119, 141, 142, 143, 169, 170, 300, 301, 302, 411]}
res_20-az.pdb : {'A': [40, 41, 66, 67, 68, 72, 90, 91, 117, 118, 141, 142, 143, 144, 169, 170, 300, 301, 302, 411]}
res_19-aq.pdb : {'A': [42, 66, 72, 90, 118, 119, 120, 141, 142, 144, 169, 170, 300, 301, 302, 402, 411, 441, 458]}
res_19-ar.pdb : {'A': [40, 41, 66, 67, 68, 72, 91, 117, 118, 141, 142, 143, 169, 170, 300, 301, 302, 411, 441]}
res_19-as.pdb : {'A': [40, 41, 66, 67, 68, 72, 91, 117, 118, 120, 141, 142, 143, 169, 170, 300, 301, 302, 411]}
res_18-ao.pdb : {'A': [42, 66, 72, 90, 118, 119, 141, 142, 144, 169, 170, 300, 301, 302, 402, 411, 441, 458]}
res_18-ap.pdb : {'A': [42, 66, 90, 118, 119, 120, 141, 142, 144, 169, 170, 300, 301, 302, 402, 411, 441, 458]}
res_18-aq.pdb : {'A': [42, 66, 72, 90, 118, 119, 120, 141, 142, 144, 169, 170, 300, 301, 302, 402, 411, 441]}
res_18-ar.pdb : {'A': [42, 72, 90, 118, 119, 120, 141, 142, 144, 169, 170, 300, 301, 302, 402, 411, 441, 458]}
res_18-as.pdb : {'A': [40, 41, 66, 67, 68, 72, 91, 117, 118, 141, 142, 143, 169, 170, 300, 301, 302, 411]}
res_17-ao.pdb : {'A': [42, 66, 72, 90, 119, 120, 141, 144, 169, 170, 300, 301, 302, 402, 411, 441, 458]}
res_17-ap.pdb : {'A': [42, 66, 72, 118, 119, 120, 141, 142, 169, 170, 300, 301, 302, 402, 411, 441, 458]}
res_17-aq.pdb : {'A': [42, 66, 90, 118, 119, 141, 142, 144, 169, 170, 300, 301, 302, 402, 411, 441, 458]}
res_17-ar.pdb : {'A': [42, 66, 72, 90, 118, 119, 141, 142, 144, 169, 170, 300, 301, 302, 402, 411, 441]}
res_17-as.pdb : {'A': [42, 66, 72, 90, 118, 119, 120, 141, 142, 144, 169, 170, 300, 301, 302, 411, 441]}
res_17-at.pdb : {'A': [42, 72, 90, 118, 119, 141, 142, 144, 169, 170, 300, 301, 302, 402, 411, 441, 458]}
res_17-au.pdb : {'A': [42, 66, 90, 118, 119, 120, 141, 142, 144, 169, 170, 300, 301, 302, 402, 411, 441]}
res_17-av.pdb : {'A': [42, 72, 90, 118, 119, 120, 141, 142, 144, 169, 170, 300, 301, 302, 402, 411, 441]}
res_16-ap.pdb : {'A': [42, 66, 72, 118, 119, 141, 142, 169, 170, 300, 301, 302, 402, 411, 441, 458]}
res_16-aq.pdb : {'A': [42, 66, 72, 90, 119, 141, 144, 169, 170, 300, 301, 302, 402, 411, 441, 458]}
res_16-ar.pdb : {'A': [42, 66, 90, 119, 120, 141, 144, 169, 170, 300, 301, 302, 402, 411, 441, 458]}
res_16-as.pdb : {'A': [42, 66, 118, 119, 120, 141, 142, 169, 170, 300, 301, 302, 402, 411, 441, 458]}
res_16-at.pdb : {'A': [42, 66, 72, 90, 119, 120, 141, 144, 169, 170, 300, 301, 302, 402, 411, 441]}
res_16-au.pdb : {'A': [42, 66, 72, 118, 119, 120, 141, 142, 169, 170, 300, 301, 302, 402, 411, 441]}
res_16-av.pdb : {'A': [42, 66, 72, 90, 118, 119, 141, 142, 144, 169, 170, 300, 301, 302, 411, 441]}
res_16-aw.pdb : {'A': [42, 72, 90, 119, 120, 141, 144, 169, 170, 300, 301, 302, 402, 411, 441, 458]}
res_16-ax.pdb : {'A': [42, 72, 118, 119, 120, 141, 142, 169, 170, 300, 301, 302, 402, 411, 441, 458]}
res_16-ay.pdb : {'A': [42, 66, 90, 118, 119, 141, 142, 144, 169, 170, 300, 301, 302, 402, 411, 441]}
res_16-az.pdb : {'A': [42, 66, 90, 118, 119, 120, 141, 142, 144, 169, 170, 300, 301, 302, 411, 441]}
res_16-ba.pdb : {'A': [42, 72, 90, 118, 119, 141, 142, 144, 169, 170, 300, 301, 302, 402, 411, 441]}
res_16-bb.pdb : {'A': [42, 72, 90, 118, 119, 120, 141, 142, 144, 169, 170, 300, 301, 302, 411, 441]}
res_16-bc.pdb : {'A': [42, 66, 72, 90, 118, 119, 120, 141, 142, 144, 169, 170, 300, 301, 302, 411]}
res_15-ap.pdb : {'A': [42, 66, 72, 119, 120, 141, 169, 170, 300, 301, 302, 402, 411, 441, 458]}
res_15-aq.pdb : {'A': [42, 66, 90, 119, 141, 144, 169, 170, 300, 301, 302, 402, 411, 441, 458]}
res_15-ar.pdb : {'A': [42, 66, 118, 119, 141, 142, 169, 170, 300, 301, 302, 402, 411, 441, 458]}
res_15-as.pdb : {'A': [42, 66, 72, 90, 119, 141, 144, 169, 170, 300, 301, 302, 402, 411, 441]}
res_15-at.pdb : {'A': [42, 66, 72, 118, 119, 141, 142, 169, 170, 300, 301, 302, 402, 411, 441]}
res_15-au.pdb : {'A': [42, 66, 72, 90, 119, 120, 141, 144, 169, 170, 300, 301, 302, 411, 441]}
res_15-av.pdb : {'A': [42, 66, 72, 118, 119, 120, 141, 142, 169, 170, 300, 301, 302, 411, 441]}
res_15-aw.pdb : {'A': [42, 72, 118, 119, 141, 142, 169, 170, 300, 301, 302, 402, 411, 441, 458]}
res_15-ax.pdb : {'A': [42, 72, 90, 119, 141, 144, 169, 170, 300, 301, 302, 402, 411, 441, 458]}
res_15-ay.pdb : {'A': [42, 66, 90, 119, 120, 141, 144, 169, 170, 300, 301, 302, 402, 411, 441]}
res_15-az.pdb : {'A': [42, 66, 118, 119, 120, 141, 142, 169, 170, 300, 301, 302, 402, 411, 441]}
res_15-ba.pdb : {'A': [42, 66, 90, 118, 119, 141, 142, 144, 169, 170, 300, 301, 302, 411, 441]}
res_15-bb.pdb : {'A': [42, 72, 90, 119, 120, 141, 144, 169, 170, 300, 301, 302, 402, 411, 441]}
res_15-bc.pdb : {'A': [42, 72, 118, 119, 120, 141, 142, 169, 170, 300, 301, 302, 402, 411, 441]}
res_15-bd.pdb : {'A': [42, 72, 90, 118, 119, 141, 142, 144, 169, 170, 300, 301, 302, 411, 441]}
res_15-be.pdb : {'A': [42, 66, 72, 90, 118, 119, 141, 142, 144, 169, 170, 300, 301, 302, 411]}
res_15-bf.pdb : {'A': [42, 66, 90, 118, 119, 120, 141, 142, 144, 169, 170, 300, 301, 302, 411]}
res_15-bg.pdb : {'A': [42, 72, 90, 118, 119, 120, 141, 142, 144, 169, 170, 300, 301, 302, 411]}
res_14-an.pdb : {'A': [42, 66, 72, 119, 141, 169, 170, 300, 301, 302, 402, 411, 441, 458]}
res_14-ao.pdb : {'A': [42, 66, 119, 120, 141, 169, 170, 300, 301, 302, 402, 411, 441, 458]}
res_14-ap.pdb : {'A': [42, 66, 72, 119, 120, 141, 169, 170, 300, 301, 302, 402, 411, 441]}
res_14-aq.pdb : {'A': [42, 66, 72, 90, 119, 141, 144, 169, 170, 300, 301, 302, 411, 441]}
res_14-ar.pdb : {'A': [42, 66, 72, 118, 119, 141, 142, 169, 170, 300, 301, 302, 411, 441]}
res_14-as.pdb : {'A': [66, 90, 120, 141, 144, 169, 170, 300, 301, 302, 402, 411, 441, 458]}
res_14-at.pdb : {'A': [42, 72, 119, 120, 141, 169, 170, 300, 301, 302, 402, 411, 441, 458]}
res_14-au.pdb : {'A': [42, 66, 90, 119, 141, 144, 169, 170, 300, 301, 302, 402, 411, 441]}
res_14-av.pdb : {'A': [42, 66, 118, 119, 141, 142, 169, 170, 300, 301, 302, 402, 411, 441]}
res_14-aw.pdb : {'A': [42, 66, 90, 119, 120, 141, 144, 169, 170, 300, 301, 302, 411, 441]}
res_14-ax.pdb : {'A': [42, 66, 118, 119, 120, 141, 142, 169, 170, 300, 301, 302, 411, 441]}
res_14-ay.pdb : {'A': [42, 72, 90, 119, 141, 144, 169, 170, 300, 301, 302, 402, 411, 441]}
res_14-az.pdb : {'A': [42, 72, 118, 119, 141, 142, 169, 170, 300, 301, 302, 402, 411, 441]}
res_14-ba.pdb : {'A': [42, 72, 90, 119, 120, 141, 144, 169, 170, 300, 301, 302, 411, 441]}
res_14-bb.pdb : {'A': [42, 72, 118, 119, 120, 141, 142, 169, 170, 300, 301, 302, 411, 441]}
res_14-bc.pdb : {'A': [42, 66, 72, 90, 119, 120, 141, 144, 169, 170, 300, 301, 302, 411]}
res_14-bd.pdb : {'A': [42, 66, 72, 118, 119, 120, 141, 142, 169, 170, 300, 301, 302, 411]}
res_14-be.pdb : {'A': [42, 66, 90, 118, 119, 141, 142, 144, 169, 170, 300, 301, 302, 411]}
res_14-bf.pdb : {'A': [42, 72, 90, 118, 119, 141, 142, 144, 169, 170, 300, 301, 302, 411]}
res_13-ak.pdb : {'A': [42, 66, 119, 141, 169, 170, 300, 301, 302, 402, 411, 441, 458]}
res_13-al.pdb : {'A': [42, 66, 72, 119, 141, 169, 170, 300, 301, 302, 402, 411, 441]}
res_13-am.pdb : {'A': [42, 66, 72, 119, 120, 141, 169, 170, 300, 301, 302, 411, 441]}
res_13-an.pdb : {'A': [90, 120, 141, 144, 169, 170, 300, 301, 302, 402, 411, 441, 458]}
res_13-ao.pdb : {'A': [42, 72, 119, 141, 169, 170, 300, 301, 302, 402, 411, 441, 458]}
res_13-ap.pdb : {'A': [66, 90, 141, 144, 169, 170, 300, 301, 302, 402, 411, 441, 458]}
res_13-aq.pdb : {'A': [42, 66, 119, 120, 141, 169, 170, 300, 301, 302, 402, 411, 441]}
res_13-ar.pdb : {'A': [42, 66, 90, 119, 141, 144, 169, 170, 300, 301, 302, 411, 441]}
res_13-as.pdb : {'A': [42, 66, 118, 119, 141, 142, 169, 170, 300, 301, 302, 411, 441]}
res_13-at.pdb : {'A': [66, 90, 120, 141, 144, 169, 170, 300, 301, 302, 402, 411, 441]}
res_13-au.pdb : {'A': [42, 72, 119, 120, 141, 169, 170, 300, 301, 302, 402, 411, 441]}
res_13-av.pdb : {'A': [42, 72, 90, 119, 141, 144, 169, 170, 300, 301, 302, 411, 441]}
res_13-aw.pdb : {'A': [42, 72, 118, 119, 141, 142, 169, 170, 300, 301, 302, 411, 441]}
res_13-ax.pdb : {'A': [42, 66, 72, 90, 119, 141, 144, 169, 170, 300, 301, 302, 411]}
res_13-ay.pdb : {'A': [42, 66, 72, 118, 119, 141, 142, 169, 170, 300, 301, 302, 411]}
res_13-az.pdb : {'A': [42, 66, 90, 119, 120, 141, 144, 169, 170, 300, 301, 302, 411]}
res_13-ba.pdb : {'A': [42, 66, 118, 119, 120, 141, 142, 169, 170, 300, 301, 302, 411]}
res_13-bb.pdb : {'A': [42, 72, 90, 119, 120, 141, 144, 169, 170, 300, 301, 302, 411]}
res_13-bc.pdb : {'A': [42, 72, 118, 119, 120, 141, 142, 169, 170, 300, 301, 302, 411]}
res_12-ag.pdb : {'A': [42, 66, 72, 119, 141, 169, 170, 300, 301, 302, 411, 441]}
res_12-ah.pdb : {'A': [66, 120, 141, 169, 170, 300, 301, 302, 402, 411, 441, 458]}
res_12-ai.pdb : {'A': [90, 141, 144, 169, 170, 300, 301, 302, 402, 411, 441, 458]}
res_12-aj.pdb : {'A': [42, 66, 119, 141, 169, 170, 300, 301, 302, 402, 411, 441]}
res_12-ak.pdb : {'A': [42, 66, 119, 120, 141, 169, 170, 300, 301, 302, 411, 441]}
res_12-al.pdb : {'A': [66, 90, 141, 144, 169, 170, 300, 301, 302, 402, 411, 441]}
res_12-am.pdb : {'A': [90, 120, 141, 144, 169, 170, 300, 301, 302, 402, 411, 441]}
res_12-an.pdb : {'A': [42, 72, 119, 141, 169, 170, 300, 301, 302, 402, 411, 441]}
res_12-ao.pdb : {'A': [66, 90, 120, 141, 144, 169, 170, 300, 301, 302, 411, 441]}
res_12-ap.pdb : {'A': [42, 72, 119, 120, 141, 169, 170, 300, 301, 302, 411, 441]}
res_12-aq.pdb : {'A': [42, 66, 72, 119, 120, 141, 169, 170, 300, 301, 302, 411]}
res_12-ar.pdb : {'A': [42, 66, 90, 119, 141, 144, 169, 170, 300, 301, 302, 411]}
res_12-as.pdb : {'A': [42, 66, 118, 119, 141, 142, 169, 170, 300, 301, 302, 411]}
res_12-at.pdb : {'A': [42, 72, 90, 119, 141, 144, 169, 170, 300, 301, 302, 411]}
res_12-au.pdb : {'A': [42, 72, 118, 119, 141, 142, 169, 170, 300, 301, 302, 411]}
res_11-ad.pdb : {'A': [66, 141, 169, 170, 300, 301, 302, 402, 411, 441, 458]}
res_11-ae.pdb : {'A': [120, 141, 169, 170, 300, 301, 302, 402, 411, 441, 458]}
res_11-af.pdb : {'A': [42, 66, 119, 141, 169, 170, 300, 301, 302, 411, 441]}
res_11-ag.pdb : {'A': [90, 141, 144, 169, 170, 300, 301, 302, 402, 411, 441]}
res_11-ah.pdb : {'A': [66, 120, 141, 169, 170, 300, 301, 302, 402, 411, 441]}
res_11-ai.pdb : {'A': [66, 90, 141, 144, 169, 170, 300, 301, 302, 411, 441]}
res_11-aj.pdb : {'A': [90, 120, 141, 144, 169, 170, 300, 301, 302, 411, 441]}
res_11-ak.pdb : {'A': [42, 72, 119, 141, 169, 170, 300, 301, 302, 411, 441]}
res_11-al.pdb : {'A': [42, 66, 72, 119, 141, 169, 170, 300, 301, 302, 411]}
res_11-am.pdb : {'A': [42, 66, 119, 120, 141, 169, 170, 300, 301, 302, 411]}
res_11-an.pdb : {'A': [66, 90, 120, 141, 144, 169, 170, 300, 301, 302, 411]}
res_11-ao.pdb : {'A': [42, 72, 119, 120, 141, 169, 170, 300, 301, 302, 411]}
res_10-ab.pdb : {'A': [141, 169, 170, 300, 301, 302, 402, 411, 441, 458]}
res_10-ac.pdb : {'A': [66, 141, 169, 170, 300, 301, 302, 402, 411, 441]}
res_10-ad.pdb : {'A': [120, 141, 169, 170, 300, 301, 302, 402, 411, 441]}
res_10-ae.pdb : {'A': [90, 141, 144, 169, 170, 300, 301, 302, 411, 441]}
res_10-af.pdb : {'A': [66, 120, 141, 169, 170, 300, 301, 302, 411, 441]}
res_10-ag.pdb : {'A': [42, 66, 119, 141, 169, 170, 300, 301, 302, 411]}
res_10-ah.pdb : {'A': [90, 120, 141, 144, 169, 170, 300, 301, 302, 411]}
res_10-ai.pdb : {'A': [66, 90, 141, 144, 169, 170, 300, 301, 302, 411]}
res_10-aj.pdb : {'A': [42, 72, 119, 141, 169, 170, 300, 301, 302, 411]}
res_9-aa.pdb : {'A': [141, 169, 170, 300, 301, 302, 402, 411, 441]}
res_9-ab.pdb : {'A': [66, 141, 169, 170, 300, 301, 302, 411, 441]}
res_9-ac.pdb : {'A': [120, 141, 169, 170, 300, 301, 302, 411, 441]}
res_9-ad.pdb : {'A': [90, 141, 144, 169, 170, 300, 301, 302, 411]}
res_9-ae.pdb : {'A': [66, 120, 141, 169, 170, 300, 301, 302, 411]}
res_8-aa.pdb : {'A': [141, 169, 170, 300, 301, 302, 411, 441]}
res_8-ab.pdb : {'A': [120, 141, 169, 170, 300, 301, 302, 411]}
res_8-ac.pdb : {'A': [66, 141, 169, 170, 300, 301, 302, 411]}
res_7-aa.pdb : {'A': [141, 169, 170, 300, 301, 302, 411]}
