(38,40,41,42,66,67,68,71,72,89,90,91,117,118,119,120,139,141,142,143,144,146,169,170,174,198,199,300,301,302,402,411,441,458):49152 (-1)
(38,40,41,42,66,67,68,71,72,89,90,91,118,119,120,139,141,142,143,144,146,169,170,174,198,199,300,301,302,402,411,441,458):24576 (-1)
(38,40,41,42,66,67,68,71,72,89,90,91,117,118,119,120,139,141,142,143,144,146,169,170,174,198,199,300,301,302,402,411,441):24576 (-1)
(38,40,41,42,66,67,68,71,72,89,90,91,117,118,119,139,141,142,143,144,146,169,170,174,198,199,300,301,302,402,411,441,458):16384 (-1)
(38,40,41,42,66,67,68,71,72,89,90,91,117,118,119,120,139,141,142,143,144,146,169,170,174,198,199,300,301,302,411,441):18432 (-1)
(38,40,41,42,66,67,68,71,72,89,90,91,118,119,120,139,141,142,143,144,146,169,170,174,198,199,300,301,302,402,411,441):12288 (-1)
(38,40,41,42,66,67,68,71,72,89,90,91,118,119,139,141,142,143,144,146,169,170,174,198,199,300,301,302,402,411,441,458):8192 (-1)
(38,40,41,42,66,67,68,71,72,89,90,91,117,118,119,139,141,142,143,144,146,169,170,174,198,199,300,301,302,402,411,441):8192 (-1)
(38,40,42,66,68,71,72,89,90,91,118,119,120,139,141,142,143,144,146,169,170,174,198,199,300,301,302,402,411,441,458):9216 (-1)
(38,40,41,42,66,67,68,71,72,89,90,91,118,119,120,139,141,142,143,144,146,169,170,174,198,199,300,301,302,411,441):9216 (-1)
(38,40,41,42,66,67,68,71,72,89,90,91,117,118,119,120,141,142,143,144,169,170,198,199,300,301,302,402,411,441,458):8192 (-2)
(38,40,41,42,66,67,68,71,72,89,90,91,117,118,119,139,141,142,143,144,146,169,170,174,198,199,300,301,302,411,441):6144 (-1)
(38,40,41,42,66,67,68,71,72,89,90,91,117,118,119,120,139,141,142,143,144,146,169,170,174,198,199,300,301,302,411):6144 (-1)
(38,40,41,42,66,67,68,71,72,89,90,91,118,119,139,141,142,143,144,146,169,170,174,198,199,300,301,302,402,411,441):4096 (-1)
(38,40,42,66,68,71,72,89,90,91,119,120,139,141,142,143,144,146,169,170,174,198,199,300,301,302,402,411,441,458):9216 (-1)
(38,40,41,42,66,67,68,71,72,89,90,91,118,119,120,141,142,143,144,169,170,198,199,300,301,302,402,411,441,458):8192 (-2)
(38,40,41,42,66,67,68,72,89,90,91,117,118,119,120,141,142,143,144,169,170,198,199,300,301,302,402,411,441,458):8192 (-2)
(38,40,41,42,66,67,68,71,72,90,91,117,118,119,120,141,142,143,144,169,170,198,199,300,301,302,402,411,441,458):6144 (-2)
(38,40,42,66,68,71,72,89,90,91,118,119,120,139,141,142,143,144,146,169,170,174,198,199,300,301,302,402,411,441):4608 (-1)
(40,41,42,66,67,68,71,72,89,90,91,117,118,119,120,141,142,143,144,169,170,198,199,300,301,302,402,411,441,458):4096 (-2)
(38,40,41,42,66,67,68,71,72,89,90,91,117,118,119,120,141,142,143,144,169,170,198,199,300,301,302,402,411,441):4096 (-2)
(38,40,42,68,71,72,89,90,91,118,119,120,139,141,142,143,144,146,169,170,174,198,199,300,301,302,402,411,441,458):3072 (-1)
(38,40,42,66,68,71,72,89,90,91,118,119,139,141,142,143,144,146,169,170,174,198,199,300,301,302,402,411,441,458):3072 (-1)
(38,40,41,42,66,67,68,71,72,89,90,91,118,119,139,141,142,143,144,146,169,170,174,198,199,300,301,302,411,441):3072 (-1)
(38,40,41,42,66,67,68,71,72,89,90,91,118,119,120,139,141,142,143,144,146,169,170,174,198,199,300,301,302,411):3072 (-1)
(38,40,41,42,66,67,68,71,72,89,90,91,117,118,119,139,141,142,143,144,146,169,170,174,198,199,300,301,302,411):2048 (-1)
(38,40,41,42,66,67,68,72,89,90,91,118,119,120,141,142,143,144,169,170,198,199,300,301,302,402,411,441,458):8192 (-2)
(38,40,41,42,66,67,68,72,90,91,117,118,119,120,141,142,143,144,169,170,198,199,300,301,302,402,411,441,458):6144 (-2)
(38,40,42,66,68,71,72,89,90,91,119,120,139,141,142,143,144,146,169,170,174,198,199,300,301,302,402,411,441):4608 (-1)
(40,41,42,66,67,68,71,72,89,90,91,117,118,119,141,142,143,144,169,170,198,199,300,301,302,402,411,441,458):4096 (-2)
(40,41,42,66,67,68,71,72,89,90,91,118,119,120,141,142,143,144,169,170,198,199,300,301,302,402,411,441,458):4096 (-2)
(38,40,41,42,66,67,68,71,72,89,90,91,118,119,120,141,142,143,144,169,170,198,199,300,301,302,402,411,441):4096 (-2)
(38,40,41,42,66,67,68,72,89,90,91,117,118,119,120,141,142,143,144,169,170,198,199,300,301,302,402,411,441):4096 (-2)
(38,40,42,66,68,71,72,89,90,91,118,119,120,139,141,142,143,144,146,169,170,174,198,199,300,301,302,411,441):3456 (-1)
(38,40,41,42,66,67,68,71,72,89,90,91,117,118,119,120,141,142,143,144,169,170,198,199,300,301,302,411,441):3072 (-2)
(38,40,41,42,66,67,68,71,72,90,91,117,118,119,120,141,142,143,144,169,170,198,199,300,301,302,402,411,441):3072 (-2)
(38,40,42,68,71,72,89,90,91,119,120,139,141,142,143,144,146,169,170,174,198,199,300,301,302,402,411,441,458):3072 (-1)
(38,40,42,66,68,71,72,89,90,91,119,139,141,142,143,144,146,169,170,174,198,199,300,301,302,402,411,441,458):3072 (-1)
(38,40,41,66,67,68,71,72,90,91,117,118,119,120,141,142,143,144,169,170,198,199,300,301,302,402,411,441,458):2048 (-2)
(40,41,42,66,67,68,71,72,89,90,91,117,118,119,120,141,142,143,144,169,170,198,199,300,301,302,402,411,441):2048 (-2)
(40,41,42,66,67,68,71,72,90,91,117,118,119,120,141,142,143,144,169,170,198,199,300,301,302,402,411,441,458):1536 (-2)
(38,40,42,68,71,72,89,90,91,118,119,120,139,141,142,143,144,146,169,170,174,198,199,300,301,302,402,411,441):1536 (-1)
(38,40,42,66,68,71,72,89,90,91,118,119,139,141,142,143,144,146,169,170,174,198,199,300,301,302,402,411,441):1536 (-1)
(38,40,42,68,71,72,89,90,91,118,119,139,141,142,143,144,146,169,170,174,198,199,300,301,302,402,411,441,458):1024 (-1)
(38,40,41,42,66,67,68,71,72,89,90,91,118,119,139,141,142,143,144,146,169,170,174,198,199,300,301,302,411):1024 (-1)
(40,41,42,66,67,68,71,72,89,90,91,118,119,141,142,143,144,169,170,198,199,300,301,302,402,411,441,458):4096 (-2)
(38,40,41,42,66,67,68,72,89,90,91,118,119,120,141,142,143,144,169,170,198,199,300,301,302,402,411,441):4096 (-2)
(38,40,42,66,68,71,72,89,90,91,119,120,139,141,142,143,144,146,169,170,174,198,199,300,301,302,411,441):3456 (-1)
(38,40,41,42,66,67,68,71,72,89,90,91,118,119,120,141,142,143,144,169,170,198,199,300,301,302,411,441):3072 (-2)
(38,40,41,42,66,67,68,72,89,90,91,117,118,119,120,141,142,143,144,169,170,198,199,300,301,302,411,441):3072 (-2)
(38,40,41,42,66,67,68,72,90,91,117,118,119,120,141,142,143,144,169,170,198,199,300,301,302,402,411,441):3072 (-2)
(38,40,41,42,66,67,68,71,72,90,91,117,118,119,120,141,142,143,144,169,170,198,199,300,301,302,411,441):2304 (-2)
(38,40,41,66,67,68,72,90,91,117,118,119,120,141,142,143,144,169,170,198,199,300,301,302,402,411,441,458):2048 (-2)
(40,41,42,66,67,68,71,72,89,90,91,117,118,119,141,142,143,144,169,170,198,199,300,301,302,402,411,441):2048 (-2)
(40,41,42,66,67,68,71,72,89,90,91,118,119,120,141,142,143,144,169,170,198,199,300,301,302,402,411,441):2048 (-2)
(40,41,42,66,67,68,71,72,91,117,118,119,120,141,142,143,144,169,170,198,199,300,301,302,402,411,441,458):1536 (-1)
(40,41,42,66,67,68,71,72,90,91,117,118,119,141,142,143,144,169,170,198,199,300,301,302,402,411,441,458):1536 (-2)
(40,41,42,66,67,68,71,72,89,90,91,117,118,119,120,141,142,143,144,169,170,198,199,300,301,302,411,441):1536 (-2)
(38,40,42,68,71,72,89,90,91,119,120,139,141,142,143,144,146,169,170,174,198,199,300,301,302,402,411,441):1536 (-1)
(38,40,42,66,68,71,72,89,90,91,119,139,141,142,143,144,146,169,170,174,198,199,300,301,302,402,411,441):1536 (-1)
(38,40,42,66,68,71,72,89,90,91,118,119,139,141,142,143,144,146,169,170,174,198,199,300,301,302,411,441):1152 (-1)
(38,40,42,68,71,72,89,90,91,118,119,120,139,141,142,143,144,146,169,170,174,198,199,300,301,302,411,441):1152 (-1)
(38,40,42,66,68,71,72,89,90,91,118,119,120,139,141,142,143,144,146,169,170,174,198,199,300,301,302,411):1152 (-1)
(40,41,42,66,67,68,72,89,90,91,117,118,119,120,141,142,143,144,169,170,199,300,301,302,402,411,441,458):1024 (-2)
(38,40,41,66,67,68,71,72,90,91,117,118,119,120,141,142,143,144,169,170,198,199,300,301,302,402,411,441):1024 (-2)
(38,40,42,68,71,72,89,90,91,119,139,141,142,143,144,146,169,170,174,198,199,300,301,302,402,411,441,458):1024 (-1)
(38,40,41,42,66,67,68,71,72,89,90,91,117,118,119,120,141,142,143,144,169,170,198,199,300,301,302,411):1024 (-2)
(40,41,42,66,67,68,71,72,90,91,117,118,119,120,141,142,143,144,169,170,198,199,300,301,302,402,411,441):768 (-2)
(38,40,42,68,71,72,89,90,91,118,119,139,141,142,143,144,146,169,170,174,198,199,300,301,302,402,411,441):512 (-1)
(38,40,41,42,66,67,68,72,89,90,91,118,119,120,141,142,143,144,169,170,198,199,300,301,302,411,441):3072 (-2)
(38,40,42,66,68,71,72,90,91,118,119,120,141,142,143,144,169,170,198,199,300,301,302,402,411,441,458):2560 (-2)
(38,40,41,42,66,67,68,72,90,91,117,118,119,120,141,142,143,144,169,170,198,199,300,301,302,411,441):2304 (-2)
(40,41,42,66,67,68,71,72,89,90,91,118,119,141,142,143,144,169,170,198,199,300,301,302,402,411,441):2048 (-2)
(40,41,42,66,67,68,71,72,91,117,118,119,141,142,143,144,169,170,198,199,300,301,302,402,411,441,458):1536 (-1)
(40,41,42,66,67,68,71,72,89,90,91,117,118,119,141,142,143,144,169,170,198,199,300,301,302,411,441):1536 (-2)
(40,41,42,66,67,68,71,72,89,90,91,118,119,120,141,142,143,144,169,170,198,199,300,301,302,411,441):1536 (-2)
(38,40,42,68,71,72,89,90,91,119,120,139,141,142,143,144,146,169,170,174,198,199,300,301,302,411,441):1152 (-1)
(38,40,42,66,68,71,72,89,90,91,119,139,141,142,143,144,146,169,170,174,198,199,300,301,302,411,441):1152 (-1)
(38,40,42,66,68,71,72,89,90,91,119,120,139,141,142,143,144,146,169,170,174,198,199,300,301,302,411):1152 (-1)
(40,41,42,66,67,68,72,89,90,91,118,119,120,141,142,143,144,169,170,199,300,301,302,402,411,441,458):1024 (-2)
(40,41,42,66,67,68,72,89,90,91,117,118,119,120,141,142,143,144,169,170,300,301,302,402,411,441,458):1024 (-1)
(40,41,42,66,67,68,72,89,90,91,117,118,119,141,142,143,144,169,170,199,300,301,302,402,411,441,458):1024 (-2)
(40,41,42,66,67,68,72,89,90,91,117,118,119,120,141,142,143,169,170,199,300,301,302,402,411,441,458):1024 (-3)
(38,40,41,66,67,68,72,90,91,117,118,119,120,141,142,143,144,169,170,198,199,300,301,302,402,411,441):1024 (-2)
(38,40,41,42,66,67,68,71,72,89,90,91,118,119,120,141,142,143,144,169,170,198,199,300,301,302,411):1024 (-2)
(38,40,41,42,66,67,68,72,89,90,91,117,118,119,120,141,142,143,144,169,170,198,199,300,301,302,411):1024 (-2)
(40,41,42,66,67,68,72,90,91,117,118,119,120,141,142,143,144,169,170,199,300,301,302,402,411,441,458):768 (-2)
(38,40,41,66,67,68,71,72,90,91,117,118,119,120,141,142,143,144,169,170,198,199,300,301,302,411,441):768 (-2)
(40,41,42,66,67,68,71,72,91,117,118,119,120,141,142,143,144,169,170,198,199,300,301,302,402,411,441):768 (-1)
(40,41,42,66,67,68,71,72,90,91,117,118,119,141,142,143,144,169,170,198,199,300,301,302,402,411,441):768 (-2)
(38,40,41,42,66,67,68,71,72,90,91,117,118,119,120,141,142,143,144,169,170,198,199,300,301,302,411):768 (-2)
(40,41,42,66,67,68,71,72,90,91,117,118,119,120,141,142,143,144,169,170,198,199,300,301,302,411,441):576 (-2)
(40,41,66,67,68,71,72,90,91,117,118,120,141,142,143,144,169,170,198,199,300,301,302,402,411,441,458):512 (-2)
(40,41,42,66,67,68,72,89,90,91,117,118,119,120,141,142,143,144,169,170,199,300,301,302,402,411,441):512 (-2)
(40,41,42,66,67,68,71,72,89,90,91,117,118,119,120,141,142,143,144,169,170,198,199,300,301,302,411):512 (-2)
(38,40,42,68,71,72,89,90,91,119,139,141,142,143,144,146,169,170,174,198,199,300,301,302,402,411,441):512 (-1)
(38,40,42,68,71,72,89,90,91,118,119,139,141,142,143,144,146,169,170,174,198,199,300,301,302,411,441):384 (-1)
(38,40,42,68,71,72,89,90,91,118,119,120,139,141,142,143,144,146,169,170,174,198,199,300,301,302,411):384 (-1)
(38,40,42,66,68,71,72,89,90,91,118,119,139,141,142,143,144,146,169,170,174,198,199,300,301,302,411):384 (-1)
(38,40,42,66,68,71,72,90,91,119,120,141,142,143,144,169,170,198,199,300,301,302,402,411,441,458):2560 (-2)
(38,40,42,66,68,72,90,91,118,119,120,141,142,143,144,169,170,198,199,300,301,302,402,411,441,458):2560 (-2)
(40,41,42,66,67,68,71,72,89,90,91,118,119,141,142,143,144,169,170,198,199,300,301,302,411,441):1536 (-2)
(38,40,42,66,68,71,72,90,91,118,119,120,141,142,143,144,169,170,198,199,300,301,302,402,411,441):1280 (-2)
(40,41,42,66,67,68,72,89,90,91,118,119,120,141,142,143,169,170,199,300,301,302,402,411,441,458):1024 (-3)
(40,41,42,66,67,68,72,89,90,91,117,118,119,120,141,142,143,169,170,300,301,302,402,411,441,458):1024 (-2)
(40,41,42,66,67,68,72,89,90,91,118,119,141,142,143,144,169,170,199,300,301,302,402,411,441,458):1024 (-2)
(40,41,42,66,67,68,72,89,90,91,117,118,119,141,142,143,144,169,170,300,301,302,402,411,441,458):1024 (-1)
(40,41,42,66,67,68,72,89,90,91,117,118,119,141,142,143,169,170,199,300,301,302,402,411,441,458):1024 (-3)
(38,40,41,42,66,67,68,72,89,90,91,118,119,120,141,142,143,144,169,170,198,199,300,301,302,411):1024 (-2)
(40,41,42,66,67,68,72,90,91,117,118,119,141,142,143,144,169,170,199,300,301,302,402,411,441,458):768 (-2)
(40,41,42,66,67,68,72,90,91,117,118,119,120,141,142,143,144,169,170,300,301,302,402,411,441,458):768 (-1)
(40,41,42,66,67,68,71,72,91,117,118,119,141,142,143,144,169,170,198,199,300,301,302,402,411,441):768 (-1)
(38,40,41,66,67,68,72,90,91,117,118,119,120,141,142,143,144,169,170,198,199,300,301,302,411,441):768 (-2)
(38,40,41,42,66,67,68,72,90,91,117,118,119,120,141,142,143,144,169,170,198,199,300,301,302,411):768 (-2)
(40,42,66,68,71,72,90,91,118,119,120,141,142,143,144,169,170,198,199,300,301,302,402,411,441,458):640 (-2)
(40,41,42,66,67,68,71,72,90,91,117,118,119,141,142,143,144,169,170,198,199,300,301,302,411,441):576 (-2)
(40,41,42,66,67,68,71,72,91,117,118,119,120,141,142,143,144,169,170,198,199,300,301,302,411,441):576 (-1)
(38,40,66,68,71,72,90,91,118,119,120,141,142,143,144,169,170,198,199,300,301,302,402,411,441,458):512 (-2)
(38,40,42,68,71,72,90,91,118,119,120,141,142,143,144,169,170,198,199,300,301,302,402,411,441,458):512 (-2)
(40,41,66,67,68,71,72,91,117,118,120,141,142,143,144,169,170,198,199,300,301,302,402,411,441,458):512 (-1)
(40,41,66,67,68,71,72,90,91,117,118,141,142,143,144,169,170,198,199,300,301,302,402,411,441,458):512 (-2)
(40,41,42,66,67,68,72,89,90,91,117,118,119,120,141,142,143,144,169,170,300,301,302,402,411,441):512 (-1)
(40,41,42,66,67,68,72,89,90,91,117,118,119,120,141,142,143,169,170,199,300,301,302,402,411,441):512 (-3)
(40,41,42,66,67,68,72,89,90,91,118,119,120,141,142,143,144,169,170,199,300,301,302,402,411,441):512 (-2)
(40,41,42,66,67,68,72,89,90,91,117,118,119,141,142,143,144,169,170,199,300,301,302,402,411,441):512 (-2)
(40,41,42,66,67,68,71,72,89,90,91,118,119,120,141,142,143,144,169,170,198,199,300,301,302,411):512 (-2)
(40,41,42,66,67,68,71,72,89,90,91,117,118,119,141,142,143,144,169,170,198,199,300,301,302,411):512 (-2)
(40,41,42,66,67,68,72,89,90,91,117,118,119,120,141,142,143,144,169,170,199,300,301,302,411,441):384 (-2)
(40,41,42,66,67,68,72,90,91,117,118,119,120,141,142,143,144,169,170,199,300,301,302,402,411,441):384 (-2)
(38,40,42,68,71,72,89,90,91,119,139,141,142,143,144,146,169,170,174,198,199,300,301,302,411,441):384 (-1)
(38,40,42,66,68,71,72,89,90,91,119,139,141,142,143,144,146,169,170,174,198,199,300,301,302,411):384 (-1)
(38,40,42,68,71,72,89,90,91,119,120,139,141,142,143,144,146,169,170,174,198,199,300,301,302,411):384 (-1)
(40,41,66,67,68,71,72,90,91,117,118,120,141,142,143,144,169,170,198,199,300,301,302,402,411,441):256 (-2)
(38,40,41,66,67,68,71,72,90,91,117,118,119,120,141,142,143,144,169,170,198,199,300,301,302,411):256 (-2)
(40,41,42,66,67,68,71,72,90,91,117,118,119,120,141,142,143,144,169,170,198,199,300,301,302,411):192 (-2)
(38,40,42,68,71,72,89,90,91,118,119,139,141,142,143,144,146,169,170,174,198,199,300,301,302,411):128 (-1)
(38,40,42,66,68,71,72,90,91,119,120,141,142,143,144,169,170,198,199,300,301,302,402,411,441):1280 (-2)
(38,40,42,66,68,72,90,91,118,119,120,141,142,143,144,169,170,198,199,300,301,302,402,411,441):1280 (-2)
(40,41,42,66,67,68,72,89,90,91,117,118,119,141,142,143,169,170,300,301,302,402,411,441,458):1024 (-2)
(40,41,42,66,67,68,72,89,90,91,118,119,141,142,143,169,170,199,300,301,302,402,411,441,458):1024 (-3)
(41,42,66,67,68,72,89,90,91,118,119,120,141,142,143,144,169,170,300,301,302,402,411,441,458):1024 (-1)
(38,40,42,66,68,71,72,90,91,118,119,120,141,142,143,144,169,170,198,199,300,301,302,411,441):960 (-2)
(40,41,42,66,67,68,72,91,117,118,119,120,141,142,143,169,170,199,300,301,302,402,411,441,458):768 (-2)
(40,41,42,66,67,68,72,90,91,117,118,119,141,142,143,144,169,170,300,301,302,402,411,441,458):768 (-1)
(40,42,66,68,71,72,91,118,119,120,141,142,143,144,169,170,198,199,300,301,302,402,411,441,458):640 (-1)
(40,42,66,68,71,72,90,91,118,119,141,142,143,144,169,170,198,199,300,301,302,402,411,441,458):640 (-2)
(40,42,66,68,71,72,90,91,119,120,141,142,143,144,169,170,198,199,300,301,302,402,411,441,458):640 (-2)
(40,41,42,66,67,68,71,72,91,117,118,119,141,142,143,144,169,170,198,199,300,301,302,411,441):576 (-1)
(38,40,66,68,71,72,90,91,119,120,141,142,143,144,169,170,198,199,300,301,302,402,411,441,458):512 (-2)
(40,41,66,67,68,71,72,91,117,118,141,142,143,144,169,170,198,199,300,301,302,402,411,441,458):512 (-1)
(38,40,68,71,72,90,91,118,119,120,141,142,143,144,169,170,198,199,300,301,302,402,411,441,458):512 (-2)
(38,40,42,68,71,72,90,91,119,120,141,142,143,144,169,170,198,199,300,301,302,402,411,441,458):512 (-2)
(38,40,42,68,72,90,91,118,119,120,141,142,143,144,169,170,198,199,300,301,302,402,411,441,458):512 (-2)
(38,40,66,68,72,90,91,118,119,120,141,142,143,144,169,170,198,199,300,301,302,402,411,441,458):512 (-2)
(40,41,42,66,67,68,72,89,90,91,118,119,141,142,143,144,169,170,199,300,301,302,402,411,441):512 (-2)
(40,41,42,66,67,68,72,89,90,91,118,119,120,141,142,143,169,170,199,300,301,302,402,411,441):512 (-3)
(40,41,42,66,67,68,72,89,90,91,117,118,119,141,142,143,144,169,170,300,301,302,402,411,441):512 (-1)
(40,41,42,66,67,68,72,89,90,91,117,118,119,141,142,143,169,170,199,300,301,302,402,411,441):512 (-3)
(40,41,42,66,67,68,72,89,90,91,117,118,119,120,141,142,143,169,170,300,301,302,402,411,441):512 (-2)
(40,41,42,66,67,68,71,72,89,90,91,118,119,141,142,143,144,169,170,198,199,300,301,302,411):512 (-2)
(40,41,42,66,67,68,72,89,90,91,117,118,119,120,141,142,143,169,170,199,300,301,302,411,441):384 (-3)
(40,41,42,66,67,68,72,89,90,91,117,118,119,120,141,142,143,144,169,170,300,301,302,411,441):384 (-1)
(40,41,42,66,67,68,72,89,90,91,118,119,120,141,142,143,144,169,170,199,300,301,302,411,441):384 (-2)
(40,41,42,66,67,68,72,89,90,91,117,118,119,141,142,143,144,169,170,199,300,301,302,411,441):384 (-2)
(40,41,42,66,67,68,72,90,91,117,118,119,120,141,142,143,144,169,170,300,301,302,402,411,441):384 (-1)
(40,41,42,66,67,68,72,90,91,117,118,119,141,142,143,144,169,170,199,300,301,302,402,411,441):384 (-2)
(40,42,66,68,71,72,90,91,118,119,120,141,142,143,144,169,170,198,199,300,301,302,402,411,441):320 (-2)
(40,41,42,66,67,68,72,90,91,117,118,119,120,141,142,143,144,169,170,199,300,301,302,411,441):288 (-2)
(40,41,66,67,68,72,90,91,117,118,120,141,142,143,144,169,170,199,300,301,302,402,411,441,458):256 (-2)
(38,40,66,68,71,72,90,91,118,119,120,141,142,143,144,169,170,198,199,300,301,302,402,411,441):256 (-2)
(38,40,42,68,71,72,90,91,118,119,120,141,142,143,144,169,170,198,199,300,301,302,402,411,441):256 (-2)
(40,41,66,67,68,71,72,91,117,118,120,141,142,143,144,169,170,198,199,300,301,302,402,411,441):256 (-1)
(40,41,66,67,68,71,72,90,91,117,118,141,142,143,144,169,170,198,199,300,301,302,402,411,441):256 (-2)
(38,40,41,66,67,68,72,90,91,117,118,119,120,141,142,143,144,169,170,198,199,300,301,302,411):256 (-2)
(40,41,66,67,68,71,72,90,91,117,118,120,141,142,143,144,169,170,198,199,300,301,302,411,441):192 (-2)
(40,41,42,66,67,68,71,72,90,91,117,118,119,141,142,143,144,169,170,198,199,300,301,302,411):192 (-2)
(40,41,42,66,67,68,71,72,91,117,118,119,120,141,142,143,144,169,170,198,199,300,301,302,411):192 (-1)
(40,42,68,71,72,90,91,118,119,120,141,142,143,144,169,170,198,199,300,301,302,402,411,441,458):128 (-2)
(40,41,42,66,67,68,72,89,90,91,117,118,119,120,141,142,143,144,169,170,199,300,301,302,411):128 (-2)
(38,40,42,68,71,72,89,90,91,119,139,141,142,143,144,146,169,170,174,198,199,300,301,302,411):128 (-1)
(38,40,42,66,68,72,90,91,119,120,141,143,144,169,170,198,199,300,301,302,402,411,441,458):2560 (-2)
(41,42,66,67,68,72,89,90,91,118,119,120,141,142,143,169,170,300,301,302,402,411,441,458):1024 (-2)
(41,42,66,67,68,72,89,90,91,118,119,141,142,143,144,169,170,300,301,302,402,411,441,458):1024 (-1)
(38,40,42,66,68,71,72,90,91,119,120,141,142,143,144,169,170,198,199,300,301,302,411,441):960 (-2)
(38,40,42,66,68,72,90,91,118,119,120,141,142,143,144,169,170,198,199,300,301,302,411,441):960 (-2)
(40,41,42,66,67,68,72,91,117,118,119,120,141,142,143,169,170,300,301,302,402,411,441,458):768 (-1)
(40,41,42,66,67,68,72,91,117,118,119,141,142,143,169,170,199,300,301,302,402,411,441,458):768 (-2)
(40,42,66,68,71,72,90,91,119,141,142,143,144,169,170,198,199,300,301,302,402,411,441,458):640 (-2)
(40,42,66,68,71,72,91,118,119,141,142,143,144,169,170,198,199,300,301,302,402,411,441,458):640 (-1)
(40,42,66,68,71,72,91,119,120,141,142,143,144,169,170,198,199,300,301,302,402,411,441,458):640 (-1)
(38,40,68,71,72,90,91,119,120,141,142,143,144,169,170,198,199,300,301,302,402,411,441,458):512 (-2)
(38,40,68,72,90,91,118,119,120,141,142,143,144,169,170,198,199,300,301,302,402,411,441,458):512 (-2)
(40,41,42,66,67,68,72,89,90,91,118,119,141,142,143,169,170,199,300,301,302,402,411,441):512 (-3)
(40,41,42,66,67,68,72,89,90,91,117,118,119,141,142,143,169,170,300,301,302,402,411,441):512 (-2)
(41,42,66,67,68,72,89,90,91,118,119,120,141,142,143,144,169,170,300,301,302,402,411,441):512 (-1)
(40,41,42,66,67,68,72,89,90,91,118,119,120,141,142,143,169,170,199,300,301,302,411,441):384 (-3)
(40,41,42,66,67,68,72,89,90,91,117,118,119,141,142,143,144,169,170,300,301,302,411,441):384 (-1)
(40,41,42,66,67,68,72,89,90,91,118,119,141,142,143,144,169,170,199,300,301,302,411,441):384 (-2)
(40,41,42,66,67,68,72,89,90,91,117,118,119,141,142,143,169,170,199,300,301,302,411,441):384 (-3)
(40,41,42,66,67,68,72,91,117,118,119,120,141,142,143,169,170,199,300,301,302,402,411,441):384 (-2)
(40,41,42,66,67,68,72,90,91,117,118,119,141,142,143,144,169,170,300,301,302,402,411,441):384 (-1)
(40,41,42,66,67,68,72,89,90,91,117,118,119,120,141,142,143,169,170,300,301,302,411,441):384 (-2)
(40,42,66,68,71,72,90,91,118,119,141,142,143,144,169,170,198,199,300,301,302,402,411,441):320 (-2)
(40,42,66,68,71,72,90,91,119,120,141,142,143,144,169,170,198,199,300,301,302,402,411,441):320 (-2)
(40,42,66,68,71,72,91,118,119,120,141,142,143,144,169,170,198,199,300,301,302,402,411,441):320 (-1)
(38,40,42,66,68,71,72,90,91,118,119,120,141,142,143,144,169,170,198,199,300,301,302,411):320 (-2)
(40,41,42,66,67,68,72,90,91,117,118,119,120,141,142,143,144,169,170,300,301,302,411,441):288 (-1)
(40,41,42,66,67,68,72,90,91,117,118,119,141,142,143,144,169,170,199,300,301,302,411,441):288 (-2)
(40,41,66,67,68,72,90,91,117,118,141,142,143,144,169,170,199,300,301,302,402,411,441,458):256 (-2)
(40,41,66,67,68,72,90,91,117,118,120,141,142,143,144,169,170,300,301,302,402,411,441,458):256 (-1)
(40,41,66,67,68,71,72,91,117,118,141,142,143,144,169,170,198,199,300,301,302,402,411,441):256 (-1)
(38,40,68,71,72,90,91,118,119,120,141,142,143,144,169,170,198,199,300,301,302,402,411,441):256 (-2)
(38,40,66,68,71,72,90,91,119,120,141,142,143,144,169,170,198,199,300,301,302,402,411,441):256 (-2)
(38,40,42,68,71,72,90,91,119,120,141,142,143,144,169,170,198,199,300,301,302,402,411,441):256 (-2)
(38,40,66,68,72,90,91,118,119,120,141,142,143,144,169,170,198,199,300,301,302,402,411,441):256 (-2)
(38,40,42,68,72,90,91,118,119,120,141,142,143,144,169,170,198,199,300,301,302,402,411,441):256 (-2)
(40,42,66,68,71,72,90,91,118,119,120,141,142,143,144,169,170,198,199,300,301,302,411,441):240 (-2)
(38,40,66,68,71,72,90,91,118,119,120,141,142,143,144,169,170,198,199,300,301,302,411,441):192 (-2)
(40,41,66,67,68,71,72,91,117,118,120,141,142,143,144,169,170,198,199,300,301,302,411,441):192 (-1)
(38,40,42,68,71,72,90,91,118,119,120,141,142,143,144,169,170,198,199,300,301,302,411,441):192 (-2)
(40,41,66,67,68,71,72,90,91,117,118,141,142,143,144,169,170,198,199,300,301,302,411,441):192 (-2)
(40,41,42,66,67,68,71,72,91,117,118,119,141,142,143,144,169,170,198,199,300,301,302,411):192 (-1)
(40,42,68,71,72,90,91,118,119,141,142,143,144,169,170,198,199,300,301,302,402,411,441,458):128 (-2)
(40,66,68,71,72,90,91,118,120,141,142,143,144,169,170,198,199,300,301,302,402,411,441,458):128 (-2)
(40,42,68,71,72,90,91,119,120,141,142,143,144,169,170,198,199,300,301,302,402,411,441,458):128 (-2)
(40,42,68,71,72,91,118,119,120,141,142,143,144,169,170,198,199,300,301,302,402,411,441,458):128 (-1)
(40,41,66,67,68,72,90,91,117,118,120,141,142,143,144,169,170,199,300,301,302,402,411,441):128 (-2)
(40,41,42,66,67,68,72,89,90,91,117,118,119,141,142,143,144,169,170,199,300,301,302,411):128 (-2)
(40,41,42,66,67,68,72,89,90,91,117,118,119,120,141,142,143,169,170,199,300,301,302,411):128 (-3)
(40,41,42,66,67,68,72,89,90,91,118,119,120,141,142,143,144,169,170,199,300,301,302,411):128 (-2)
(40,41,42,66,67,68,72,89,90,91,117,118,119,120,141,142,143,144,169,170,300,301,302,411):128 (-1)
(40,41,42,66,67,68,72,90,91,117,118,119,120,141,142,143,144,169,170,199,300,301,302,411):96 (-2)
(40,42,68,71,72,90,91,118,119,120,141,142,143,144,169,170,198,199,300,301,302,402,411,441):64 (-2)
(40,41,66,67,68,71,72,90,91,117,118,120,141,142,143,144,169,170,198,199,300,301,302,411):64 (-2)
(38,40,42,66,68,72,90,91,119,120,141,143,144,169,170,198,199,300,301,302,402,411,441):1280 (-2)
(41,42,66,67,68,72,89,90,91,118,119,141,142,143,169,170,300,301,302,402,411,441,458):1024 (-2)
(40,41,42,66,67,68,72,91,117,118,119,141,142,143,169,170,300,301,302,402,411,441,458):768 (-1)
(40,42,66,68,71,72,91,119,141,142,143,144,169,170,198,199,300,301,302,402,411,441,458):640 (-1)
(38,40,42,68,72,90,91,119,120,141,143,144,169,170,198,199,300,301,302,402,411,441,458):512 (-2)
(38,40,66,68,72,90,91,119,120,141,143,144,169,170,198,199,300,301,302,402,411,441,458):512 (-2)
(41,42,66,67,68,72,89,90,91,118,119,141,142,143,144,169,170,300,301,302,402,411,441):512 (-1)
(41,42,66,67,68,72,89,90,91,118,119,120,141,142,143,169,170,300,301,302,402,411,441):512 (-2)
(40,41,42,66,67,68,72,89,90,91,118,119,141,142,143,169,170,199,300,301,302,411,441):384 (-3)
(40,41,42,66,67,68,72,91,117,118,119,141,142,143,169,170,199,300,301,302,402,411,441):384 (-2)
(40,41,42,66,67,68,72,89,90,91,117,118,119,141,142,143,169,170,300,301,302,411,441):384 (-2)
(40,41,42,66,67,68,72,91,117,118,119,120,141,142,143,169,170,300,301,302,402,411,441):384 (-1)
(41,42,66,67,68,72,89,90,91,118,119,120,141,142,143,144,169,170,300,301,302,411,441):384 (-1)
(40,42,66,68,71,72,91,118,119,141,142,143,144,169,170,198,199,300,301,302,402,411,441):320 (-1)
(40,42,66,68,71,72,91,119,120,141,142,143,144,169,170,198,199,300,301,302,402,411,441):320 (-1)
(40,42,66,68,71,72,90,91,119,141,142,143,144,169,170,198,199,300,301,302,402,411,441):320 (-2)
(38,40,42,66,68,72,90,91,118,119,120,141,142,143,144,169,170,198,199,300,301,302,411):320 (-2)
(38,40,42,66,68,71,72,90,91,119,120,141,142,143,144,169,170,198,199,300,301,302,411):320 (-2)
(40,41,42,66,67,68,72,91,117,118,119,120,141,142,143,169,170,199,300,301,302,411,441):288 (-2)
(40,41,42,66,67,68,72,90,91,117,118,119,141,142,143,144,169,170,300,301,302,411,441):288 (-1)
(40,41,66,67,68,72,90,91,117,118,141,142,143,144,169,170,300,301,302,402,411,441,458):256 (-1)
(40,41,66,67,68,72,91,117,118,120,141,142,143,169,170,199,300,301,302,402,411,441,458):256 (-2)
(38,40,68,71,72,90,91,119,120,141,142,143,144,169,170,198,199,300,301,302,402,411,441):256 (-2)
(38,40,68,72,90,91,118,119,120,141,142,143,144,169,170,198,199,300,301,302,402,411,441):256 (-2)
(40,42,66,68,71,72,90,91,118,119,141,142,143,144,169,170,198,199,300,301,302,411,441):240 (-2)
(40,42,66,68,71,72,90,91,119,120,141,142,143,144,169,170,198,199,300,301,302,411,441):240 (-2)
(40,42,66,68,71,72,91,118,119,120,141,142,143,144,169,170,198,199,300,301,302,411,441):240 (-1)
(40,41,66,67,68,71,72,91,117,118,141,142,143,144,169,170,198,199,300,301,302,411,441):192 (-1)
(38,40,42,68,71,72,90,91,119,120,141,142,143,144,169,170,198,199,300,301,302,411,441):192 (-2)
(38,40,68,71,72,90,91,118,119,120,141,142,143,144,169,170,198,199,300,301,302,411,441):192 (-2)
(38,40,66,68,71,72,90,91,119,120,141,142,143,144,169,170,198,199,300,301,302,411,441):192 (-2)
(38,40,66,68,72,90,91,118,119,120,141,142,143,144,169,170,198,199,300,301,302,411,441):192 (-2)
(38,40,42,68,72,90,91,118,119,120,141,142,143,144,169,170,198,199,300,301,302,411,441):192 (-2)
(40,42,68,71,72,91,119,120,141,142,143,144,169,170,198,199,300,301,302,402,411,441,458):128 (-1)
(40,66,68,71,72,90,91,120,141,142,143,144,169,170,198,199,300,301,302,402,411,441,458):128 (-2)
(40,68,71,72,90,91,118,120,141,142,143,144,169,170,198,199,300,301,302,402,411,441,458):128 (-2)
(40,42,68,71,72,90,91,119,141,142,143,144,169,170,198,199,300,301,302,402,411,441,458):128 (-2)
(40,42,68,71,72,91,118,119,141,142,143,144,169,170,198,199,300,301,302,402,411,441,458):128 (-1)
(40,66,68,71,72,91,118,120,141,142,143,144,169,170,198,199,300,301,302,402,411,441,458):128 (-1)
(40,66,68,71,72,90,91,118,141,142,143,144,169,170,198,199,300,301,302,402,411,441,458):128 (-2)
(40,41,66,67,68,72,90,91,117,118,141,142,143,144,169,170,199,300,301,302,402,411,441):128 (-2)
(40,41,66,67,68,72,90,91,117,118,120,141,142,143,144,169,170,300,301,302,402,411,441):128 (-1)
(40,41,42,66,67,68,72,89,90,91,118,119,141,142,143,144,169,170,199,300,301,302,411):128 (-2)
(40,41,42,66,67,68,72,89,90,91,117,118,119,141,142,143,144,169,170,300,301,302,411):128 (-1)
(40,41,42,66,67,68,72,89,90,91,118,119,120,141,142,143,169,170,199,300,301,302,411):128 (-3)
(40,41,42,66,67,68,72,89,90,91,117,118,119,141,142,143,169,170,199,300,301,302,411):128 (-3)
(40,41,42,66,67,68,72,89,90,91,117,118,119,120,141,142,143,169,170,300,301,302,411):128 (-2)
(40,41,66,67,68,72,90,91,117,118,120,141,142,143,144,169,170,199,300,301,302,411,441):96 (-2)
(40,41,42,66,67,68,72,90,91,117,118,119,120,141,142,143,144,169,170,300,301,302,411):96 (-1)
(40,41,42,66,67,68,72,90,91,117,118,119,141,142,143,144,169,170,199,300,301,302,411):96 (-2)
(40,42,66,68,71,72,90,91,118,119,120,141,142,143,144,169,170,198,199,300,301,302,411):80 (-2)
(40,66,68,71,72,90,91,118,120,141,142,143,144,169,170,198,199,300,301,302,402,411,441):64 (-2)
(40,42,68,71,72,91,118,119,120,141,142,143,144,169,170,198,199,300,301,302,402,411,441):64 (-1)
(40,42,68,71,72,90,91,118,119,141,142,143,144,169,170,198,199,300,301,302,402,411,441):64 (-2)
(40,42,68,71,72,90,91,119,120,141,142,143,144,169,170,198,199,300,301,302,402,411,441):64 (-2)
(38,40,66,68,71,72,90,91,118,119,120,141,142,143,144,169,170,198,199,300,301,302,411):64 (-2)
(40,41,66,67,68,71,72,90,91,117,118,141,142,143,144,169,170,198,199,300,301,302,411):64 (-2)
(38,40,42,68,71,72,90,91,118,119,120,141,142,143,144,169,170,198,199,300,301,302,411):64 (-2)
(40,41,66,67,68,71,72,91,117,118,120,141,142,143,144,169,170,198,199,300,301,302,411):64 (-1)
(40,42,68,71,72,90,91,118,119,120,141,142,143,144,169,170,198,199,300,301,302,411,441):48 (-2)
(38,40,42,66,68,72,90,91,119,120,141,143,144,169,170,198,199,300,301,302,411,441):960 (-2)
(38,40,68,72,90,91,119,120,141,143,144,169,170,198,199,300,301,302,402,411,441,458):512 (-2)
(41,42,66,67,68,72,89,90,91,118,119,141,142,143,169,170,300,301,302,402,411,441):512 (-2)
(40,41,42,66,67,68,72,91,117,118,119,141,142,143,169,170,300,301,302,402,411,441):384 (-1)
(41,42,66,67,68,72,89,90,91,118,119,141,142,143,144,169,170,300,301,302,411,441):384 (-1)
(41,42,66,67,68,72,89,90,91,118,119,120,141,142,143,169,170,300,301,302,411,441):384 (-2)
(40,42,66,68,71,72,91,119,141,142,143,144,169,170,198,199,300,301,302,402,411,441):320 (-1)
(40,41,42,66,67,68,72,91,117,118,119,141,142,143,169,170,199,300,301,302,411,441):288 (-2)
(40,41,42,66,67,68,72,91,117,118,119,120,141,142,143,169,170,300,301,302,411,441):288 (-1)
(40,41,66,67,68,72,91,117,118,141,142,143,169,170,199,300,301,302,402,411,441,458):256 (-2)
(40,41,66,67,68,72,91,117,118,120,141,142,143,169,170,300,301,302,402,411,441,458):256 (-1)
(38,40,42,68,72,90,91,119,120,141,143,144,169,170,198,199,300,301,302,402,411,441):256 (-2)
(38,40,66,68,72,90,91,119,120,141,143,144,169,170,198,199,300,301,302,402,411,441):256 (-2)
(40,42,66,68,71,72,91,119,120,141,142,143,144,169,170,198,199,300,301,302,411,441):240 (-1)
(40,42,66,68,71,72,91,118,119,141,142,143,144,169,170,198,199,300,301,302,411,441):240 (-1)
(40,42,66,68,71,72,90,91,119,141,142,143,144,169,170,198,199,300,301,302,411,441):240 (-2)
(38,40,68,71,72,90,91,119,120,141,142,143,144,169,170,198,199,300,301,302,411,441):192 (-2)
(38,40,68,72,90,91,118,119,120,141,142,143,144,169,170,198,199,300,301,302,411,441):192 (-2)
(40,66,68,71,72,91,120,141,142,143,144,169,170,198,199,300,301,302,402,411,441,458):128 (-1)
(40,66,68,71,72,91,118,141,142,143,144,169,170,198,199,300,301,302,402,411,441,458):128 (-1)
(40,66,68,71,72,90,91,141,142,143,144,169,170,198,199,300,301,302,402,411,441,458):128 (-2)
(40,68,71,72,90,91,120,141,142,143,144,169,170,198,199,300,301,302,402,411,441,458):128 (-2)
(40,68,71,72,91,118,120,141,142,143,144,169,170,198,199,300,301,302,402,411,441,458):128 (-1)
(40,42,68,71,72,91,119,141,142,143,144,169,170,198,199,300,301,302,402,411,441,458):128 (-1)
(40,68,71,72,90,91,118,141,142,143,144,169,170,198,199,300,301,302,402,411,441,458):128 (-2)
(40,41,66,67,68,72,90,91,117,118,141,142,143,144,169,170,300,301,302,402,411,441):128 (-1)
(40,41,66,67,68,72,91,117,118,120,141,142,143,169,170,199,300,301,302,402,411,441):128 (-2)
(40,41,42,66,67,68,72,89,90,91,118,119,141,142,143,169,170,199,300,301,302,411):128 (-3)
(40,41,42,66,67,68,72,89,90,91,117,118,119,141,142,143,169,170,300,301,302,411):128 (-2)
(41,42,66,67,68,72,89,90,91,118,119,120,141,142,143,144,169,170,300,301,302,411):128 (-1)
(40,41,66,67,68,72,90,91,117,118,120,141,142,143,144,169,170,300,301,302,411,441):96 (-1)
(40,41,66,67,68,72,90,91,117,118,141,142,143,144,169,170,199,300,301,302,411,441):96 (-2)
(40,41,42,66,67,68,72,91,117,118,119,120,141,142,143,169,170,199,300,301,302,411):96 (-2)
(40,41,42,66,67,68,72,90,91,117,118,119,141,142,143,144,169,170,300,301,302,411):96 (-1)
(40,42,66,68,71,72,91,118,119,120,141,142,143,144,169,170,198,199,300,301,302,411):80 (-1)
(40,42,66,68,71,72,90,91,118,119,141,142,143,144,169,170,198,199,300,301,302,411):80 (-2)
(40,42,66,68,71,72,90,91,119,120,141,142,143,144,169,170,198,199,300,301,302,411):80 (-2)
(40,66,68,71,72,90,91,120,141,142,143,144,169,170,198,199,300,301,302,402,411,441):64 (-2)
(40,42,68,71,72,91,118,119,141,142,143,144,169,170,198,199,300,301,302,402,411,441):64 (-1)
(40,42,68,71,72,90,91,119,141,142,143,144,169,170,198,199,300,301,302,402,411,441):64 (-2)
(40,42,68,71,72,91,119,120,141,142,143,144,169,170,198,199,300,301,302,402,411,441):64 (-1)
(40,68,71,72,90,91,118,120,141,142,143,144,169,170,198,199,300,301,302,402,411,441):64 (-2)
(40,66,68,71,72,90,91,118,141,142,143,144,169,170,198,199,300,301,302,402,411,441):64 (-2)
(40,66,68,71,72,91,118,120,141,142,143,144,169,170,198,199,300,301,302,402,411,441):64 (-1)
(38,40,42,68,71,72,90,91,119,120,141,142,143,144,169,170,198,199,300,301,302,411):64 (-2)
(38,40,42,68,72,90,91,118,119,120,141,142,143,144,169,170,198,199,300,301,302,411):64 (-2)
(40,41,66,67,68,71,72,91,117,118,141,142,143,144,169,170,198,199,300,301,302,411):64 (-1)
(38,40,66,68,72,90,91,118,119,120,141,142,143,144,169,170,198,199,300,301,302,411):64 (-2)
(38,40,66,68,71,72,90,91,119,120,141,142,143,144,169,170,198,199,300,301,302,411):64 (-2)
(38,40,68,71,72,90,91,118,119,120,141,142,143,144,169,170,198,199,300,301,302,411):64 (-2)
(40,42,68,71,72,91,118,119,120,141,142,143,144,169,170,198,199,300,301,302,411,441):48 (-1)
(40,42,68,71,72,90,91,119,120,141,142,143,144,169,170,198,199,300,301,302,411,441):48 (-2)
(40,66,68,71,72,90,91,118,120,141,142,143,144,169,170,198,199,300,301,302,411,441):48 (-2)
(40,42,68,71,72,90,91,118,119,141,142,143,144,169,170,198,199,300,301,302,411,441):48 (-2)
(40,41,66,67,68,72,90,91,117,118,120,141,142,143,144,169,170,199,300,301,302,411):32 (-2)
(40,42,68,71,72,90,91,118,119,120,141,142,143,144,169,170,198,199,300,301,302,411):16 (-2)
(41,42,66,67,68,72,89,90,91,118,119,141,142,143,169,170,300,301,302,411,441):384 (-2)
(40,42,66,72,90,118,119,120,141,142,144,169,170,199,300,301,302,402,411,441,458):320 (-2)
(38,40,42,66,68,72,90,91,119,120,141,143,144,169,170,198,199,300,301,302,411):320 (-2)
(40,41,42,66,67,68,72,91,117,118,119,141,142,143,169,170,300,301,302,411,441):288 (-1)
(40,41,66,67,68,72,91,117,118,141,142,143,169,170,300,301,302,402,411,441,458):256 (-1)
(38,40,68,72,90,91,119,120,141,143,144,169,170,198,199,300,301,302,402,411,441):256 (-2)
(40,42,66,68,71,72,91,119,141,142,143,144,169,170,198,199,300,301,302,411,441):240 (-1)
(38,40,42,68,72,90,91,119,120,141,143,144,169,170,198,199,300,301,302,411,441):192 (-2)
(38,40,66,68,72,90,91,119,120,141,143,144,169,170,198,199,300,301,302,411,441):192 (-2)
(40,68,71,72,91,118,141,142,143,144,169,170,198,199,300,301,302,402,411,441,458):128 (-1)
(40,68,71,72,90,91,141,142,143,144,169,170,198,199,300,301,302,402,411,441,458):128 (-2)
(40,66,68,71,72,91,141,142,143,144,169,170,198,199,300,301,302,402,411,441,458):128 (-1)
(40,68,71,72,91,120,141,142,143,144,169,170,198,199,300,301,302,402,411,441,458):128 (-1)
(40,41,66,67,68,72,91,117,118,141,142,143,169,170,199,300,301,302,402,411,441):128 (-2)
(40,41,66,67,68,72,91,117,118,120,141,142,143,169,170,300,301,302,402,411,441):128 (-1)
(41,42,66,67,68,72,89,90,91,118,119,141,142,143,144,169,170,300,301,302,411):128 (-1)
(41,42,66,67,68,72,89,90,91,118,119,120,141,142,143,169,170,300,301,302,411):128 (-2)
(40,41,66,67,68,72,90,91,117,118,141,142,143,144,169,170,300,301,302,411,441):96 (-1)
(40,41,66,67,68,72,91,117,118,120,141,142,143,169,170,199,300,301,302,411,441):96 (-2)
(40,41,42,66,67,68,72,91,117,118,119,141,142,143,169,170,199,300,301,302,411):96 (-2)
(40,41,42,66,67,68,72,91,117,118,119,120,141,142,143,169,170,300,301,302,411):96 (-1)
(40,42,66,68,71,72,91,118,119,141,142,143,144,169,170,198,199,300,301,302,411):80 (-1)
(40,42,66,68,71,72,90,91,119,141,142,143,144,169,170,198,199,300,301,302,411):80 (-2)
(40,42,66,68,71,72,91,119,120,141,142,143,144,169,170,198,199,300,301,302,411):80 (-1)
(40,68,71,72,90,91,118,141,142,143,144,169,170,198,199,300,301,302,402,411,441):64 (-2)
(40,42,68,71,72,91,119,141,142,143,144,169,170,198,199,300,301,302,402,411,441):64 (-1)
(40,68,71,72,90,91,120,141,142,143,144,169,170,198,199,300,301,302,402,411,441):64 (-2)
(40,66,68,71,72,91,118,141,142,143,144,169,170,198,199,300,301,302,402,411,441):64 (-1)
(40,66,68,71,72,91,120,141,142,143,144,169,170,198,199,300,301,302,402,411,441):64 (-1)
(40,66,68,71,72,90,91,141,142,143,144,169,170,198,199,300,301,302,402,411,441):64 (-2)
(40,68,71,72,91,118,120,141,142,143,144,169,170,198,199,300,301,302,402,411,441):64 (-1)
(38,40,68,71,72,90,91,119,120,141,142,143,144,169,170,198,199,300,301,302,411):64 (-2)
(38,40,68,72,90,91,118,119,120,141,142,143,144,169,170,198,199,300,301,302,411):64 (-2)
(40,66,68,71,72,90,91,118,141,142,143,144,169,170,198,199,300,301,302,411,441):48 (-2)
(40,42,68,71,72,90,91,119,141,142,143,144,169,170,198,199,300,301,302,411,441):48 (-2)
(40,68,71,72,90,91,118,120,141,142,143,144,169,170,198,199,300,301,302,411,441):48 (-2)
(40,42,68,71,72,91,119,120,141,142,143,144,169,170,198,199,300,301,302,411,441):48 (-1)
(40,42,68,71,72,91,118,119,141,142,143,144,169,170,198,199,300,301,302,411,441):48 (-1)
(40,66,68,71,72,91,118,120,141,142,143,144,169,170,198,199,300,301,302,411,441):48 (-1)
(40,66,68,71,72,90,91,120,141,142,143,144,169,170,198,199,300,301,302,411,441):48 (-2)
(40,41,66,67,68,72,90,91,117,118,141,142,143,144,169,170,199,300,301,302,411):32 (-2)
(40,41,66,67,68,72,90,91,117,118,120,141,142,143,144,169,170,300,301,302,411):32 (-1)
(40,42,68,71,72,91,118,119,120,141,142,143,144,169,170,198,199,300,301,302,411):16 (-1)
(40,66,68,71,72,90,91,118,120,141,142,143,144,169,170,198,199,300,301,302,411):16 (-2)
(40,42,68,71,72,90,91,119,120,141,142,143,144,169,170,198,199,300,301,302,411):16 (-2)
(40,42,68,71,72,90,91,118,119,141,142,143,144,169,170,198,199,300,301,302,411):16 (-2)
(40,42,66,72,90,118,119,141,142,144,169,170,199,300,301,302,402,411,441,458):320 (-2)
(38,40,68,72,90,91,119,120,141,143,144,169,170,198,199,300,301,302,411,441):192 (-2)
(40,42,66,72,90,118,119,120,141,142,144,169,170,199,300,301,302,402,411,441):160 (-2)
(40,68,71,72,91,141,142,143,144,169,170,198,199,300,301,302,402,411,441,458):128 (-1)
(40,41,66,67,68,72,91,117,118,141,142,143,169,170,300,301,302,402,411,441):128 (-1)
(41,42,66,67,68,72,89,90,91,118,119,141,142,143,169,170,300,301,302,411):128 (-2)
(40,41,66,67,68,72,91,117,118,141,142,143,169,170,199,300,301,302,411,441):96 (-2)
(40,41,66,67,68,72,91,117,118,120,141,142,143,169,170,300,301,302,411,441):96 (-1)
(40,41,42,66,67,68,72,91,117,118,119,141,142,143,169,170,300,301,302,411):96 (-1)
(40,42,66,68,71,72,91,119,141,142,143,144,169,170,198,199,300,301,302,411):80 (-1)
(40,42,72,90,118,119,120,141,142,144,169,170,199,300,301,302,402,411,441,458):64 (-2)
(40,68,71,72,91,118,141,142,143,144,169,170,198,199,300,301,302,402,411,441):64 (-1)
(40,68,71,72,90,91,141,142,143,144,169,170,198,199,300,301,302,402,411,441):64 (-2)
(40,68,71,72,91,120,141,142,143,144,169,170,198,199,300,301,302,402,411,441):64 (-1)
(40,66,68,71,72,91,141,142,143,144,169,170,198,199,300,301,302,402,411,441):64 (-1)
(38,40,66,68,72,90,91,119,120,141,143,144,169,170,198,199,300,301,302,411):64 (-2)
(38,40,42,68,72,90,91,119,120,141,143,144,169,170,198,199,300,301,302,411):64 (-2)
(40,66,68,71,72,91,118,141,142,143,144,169,170,198,199,300,301,302,411,441):48 (-1)
(40,68,71,72,90,91,118,141,142,143,144,169,170,198,199,300,301,302,411,441):48 (-2)
(40,68,71,72,91,118,120,141,142,143,144,169,170,198,199,300,301,302,411,441):48 (-1)
(40,66,68,71,72,90,91,141,142,143,144,169,170,198,199,300,301,302,411,441):48 (-2)
(40,66,68,71,72,91,120,141,142,143,144,169,170,198,199,300,301,302,411,441):48 (-1)
(40,68,71,72,90,91,120,141,142,143,144,169,170,198,199,300,301,302,411,441):48 (-2)
(40,42,68,71,72,91,119,141,142,143,144,169,170,198,199,300,301,302,411,441):48 (-1)
(40,41,66,67,68,72,91,117,118,120,141,142,143,169,170,199,300,301,302,411):32 (-2)
(40,41,66,67,68,72,90,91,117,118,141,142,143,144,169,170,300,301,302,411):32 (-1)
(40,68,71,72,90,91,118,120,141,142,143,144,169,170,198,199,300,301,302,411):16 (-2)
(40,66,68,71,72,91,118,120,141,142,143,144,169,170,198,199,300,301,302,411):16 (-1)
(40,66,68,71,72,90,91,120,141,142,143,144,169,170,198,199,300,301,302,411):16 (-2)
(40,42,68,71,72,91,119,120,141,142,143,144,169,170,198,199,300,301,302,411):16 (-1)
(40,66,68,71,72,90,91,118,141,142,143,144,169,170,198,199,300,301,302,411):16 (-2)
(40,42,68,71,72,90,91,119,141,142,143,144,169,170,198,199,300,301,302,411):16 (-2)
(40,42,68,71,72,91,118,119,141,142,143,144,169,170,198,199,300,301,302,411):16 (-1)
(40,42,66,72,118,119,120,141,142,169,170,199,300,301,302,402,411,441,458):320 (-2)
(40,42,66,72,90,119,120,141,144,169,170,199,300,301,302,402,411,441,458):320 (-2)
(42,66,72,90,118,119,120,141,142,144,169,170,300,301,302,402,411,441,458):192 (-1)
(40,42,66,72,90,118,119,141,142,144,169,170,199,300,301,302,402,411,441):160 (-2)
(40,42,66,72,90,118,119,120,141,142,144,169,170,199,300,301,302,411,441):120 (-2)
(40,41,66,67,68,72,91,117,118,141,142,143,169,170,300,301,302,411,441):96 (-1)
(40,42,72,90,118,119,141,142,144,169,170,199,300,301,302,402,411,441,458):64 (-2)
(40,66,72,90,118,120,141,142,144,169,170,199,300,301,302,402,411,441,458):64 (-2)
(40,68,71,72,91,141,142,143,144,169,170,198,199,300,301,302,402,411,441):64 (-1)
(38,40,68,72,90,91,119,120,141,143,144,169,170,198,199,300,301,302,411):64 (-2)
(40,66,68,71,72,91,141,142,143,144,169,170,198,199,300,301,302,411,441):48 (-1)
(40,68,71,72,90,91,141,142,143,144,169,170,198,199,300,301,302,411,441):48 (-2)
(40,68,71,72,91,118,141,142,143,144,169,170,198,199,300,301,302,411,441):48 (-1)
(40,68,71,72,91,120,141,142,143,144,169,170,198,199,300,301,302,411,441):48 (-1)
(40,42,72,90,118,119,120,141,142,144,169,170,199,300,301,302,402,411,441):32 (-2)
(40,41,66,67,68,72,91,117,118,141,142,143,169,170,199,300,301,302,411):32 (-2)
(40,41,66,67,68,72,91,117,118,120,141,142,143,169,170,300,301,302,411):32 (-1)
(40,66,68,71,72,91,118,141,142,143,144,169,170,198,199,300,301,302,411):16 (-1)
(40,42,68,71,72,91,119,141,142,143,144,169,170,198,199,300,301,302,411):16 (-1)
(40,66,68,71,72,90,91,141,142,143,144,169,170,198,199,300,301,302,411):16 (-2)
(40,66,68,71,72,91,120,141,142,143,144,169,170,198,199,300,301,302,411):16 (-1)
(40,68,71,72,90,91,120,141,142,143,144,169,170,198,199,300,301,302,411):16 (-2)
(40,68,71,72,91,118,120,141,142,143,144,169,170,198,199,300,301,302,411):16 (-1)
(40,68,71,72,90,91,118,141,142,143,144,169,170,198,199,300,301,302,411):16 (-2)
(40,42,66,72,118,119,141,142,169,170,199,300,301,302,402,411,441,458):320 (-2)
(40,42,66,72,90,119,141,144,169,170,199,300,301,302,402,411,441,458):320 (-2)
(42,66,72,90,118,119,141,142,144,169,170,300,301,302,402,411,441,458):192 (-1)
(40,42,66,72,118,119,120,141,142,169,170,199,300,301,302,402,411,441):160 (-2)
(40,42,66,72,90,119,120,141,144,169,170,199,300,301,302,402,411,441):160 (-2)
(42,66,90,118,119,120,141,142,144,169,170,300,301,302,402,411,441,458):128 (-1)
(40,42,66,72,90,118,119,141,142,144,169,170,199,300,301,302,411,441):120 (-2)
(42,66,72,90,118,119,120,141,142,144,169,170,300,301,302,402,411,441):96 (-1)
(40,42,72,90,119,120,141,144,169,170,199,300,301,302,402,411,441,458):64 (-2)
(40,42,72,118,119,120,141,142,169,170,199,300,301,302,402,411,441,458):64 (-2)
(40,72,90,118,120,141,142,144,169,170,199,300,301,302,402,411,441,458):64 (-2)
(42,72,90,118,119,120,141,142,144,169,170,300,301,302,402,411,441,458):64 (-1)
(40,66,72,90,118,141,142,144,169,170,199,300,301,302,402,411,441,458):64 (-2)
(40,68,71,72,91,141,142,143,144,169,170,198,199,300,301,302,411,441):48 (-1)
(40,42,66,72,90,118,119,120,141,142,144,169,170,199,300,301,302,411):40 (-2)
(40,42,72,90,118,119,141,142,144,169,170,199,300,301,302,402,411,441):32 (-2)
(40,66,72,90,118,120,141,142,144,169,170,199,300,301,302,402,411,441):32 (-2)
(40,41,66,67,68,72,91,117,118,141,142,143,169,170,300,301,302,411):32 (-1)
(40,42,72,90,118,119,120,141,142,144,169,170,199,300,301,302,411,441):24 (-2)
(40,68,71,72,91,118,141,142,143,144,169,170,198,199,300,301,302,411):16 (-1)
(40,68,71,72,91,120,141,142,143,144,169,170,198,199,300,301,302,411):16 (-1)
(40,68,71,72,90,91,141,142,143,144,169,170,198,199,300,301,302,411):16 (-2)
(40,66,68,71,72,91,141,142,143,144,169,170,198,199,300,301,302,411):16 (-1)
(40,42,66,72,119,120,141,169,170,199,300,301,302,402,411,441,458):320 (-2)
(42,66,72,90,119,120,141,144,169,170,300,301,302,402,411,441,458):192 (-1)
(42,66,72,118,119,120,141,142,169,170,300,301,302,402,411,441,458):192 (-1)
(40,42,66,72,90,119,141,144,169,170,199,300,301,302,402,411,441):160 (-2)
(40,42,66,72,118,119,141,142,169,170,199,300,301,302,402,411,441):160 (-2)
(42,66,90,118,119,141,142,144,169,170,300,301,302,402,411,441,458):128 (-1)
(40,42,66,72,90,119,120,141,144,169,170,199,300,301,302,411,441):120 (-2)
(40,42,66,72,118,119,120,141,142,169,170,199,300,301,302,411,441):120 (-2)
(42,66,72,90,118,119,141,142,144,169,170,300,301,302,402,411,441):96 (-1)
(42,66,72,90,118,119,120,141,142,144,169,170,300,301,302,411,441):72 (-1)
(40,72,90,118,141,142,144,169,170,199,300,301,302,402,411,441,458):64 (-2)
(40,66,72,90,120,141,144,169,170,199,300,301,302,402,411,441,458):64 (-2)
(40,42,72,90,119,141,144,169,170,199,300,301,302,402,411,441,458):64 (-2)
(40,42,72,118,119,141,142,169,170,199,300,301,302,402,411,441,458):64 (-2)
(42,72,90,118,119,141,142,144,169,170,300,301,302,402,411,441,458):64 (-1)
(40,66,72,118,120,141,142,169,170,199,300,301,302,402,411,441,458):64 (-2)
(42,66,90,118,119,120,141,142,144,169,170,300,301,302,402,411,441):64 (-1)
(40,42,66,72,90,118,119,141,142,144,169,170,199,300,301,302,411):40 (-2)
(40,66,72,90,118,141,142,144,169,170,199,300,301,302,402,411,441):32 (-2)
(40,42,72,90,119,120,141,144,169,170,199,300,301,302,402,411,441):32 (-2)
(42,72,90,118,119,120,141,142,144,169,170,300,301,302,402,411,441):32 (-1)
(40,42,72,118,119,120,141,142,169,170,199,300,301,302,402,411,441):32 (-2)
(40,72,90,118,120,141,142,144,169,170,199,300,301,302,402,411,441):32 (-2)
(40,42,72,90,118,119,141,142,144,169,170,199,300,301,302,411,441):24 (-2)
(40,66,72,90,118,120,141,142,144,169,170,199,300,301,302,411,441):24 (-2)
(40,68,71,72,91,141,142,143,144,169,170,198,199,300,301,302,411):16 (-1)
(40,42,72,90,118,119,120,141,142,144,169,170,199,300,301,302,411):8 (-2)
(40,42,66,72,119,141,169,170,199,300,301,302,402,411,441,458):320 (-2)
(42,66,72,118,119,141,142,169,170,300,301,302,402,411,441,458):192 (-1)
(42,66,72,90,119,141,144,169,170,300,301,302,402,411,441,458):192 (-1)
(40,42,66,72,119,120,141,169,170,199,300,301,302,402,411,441):160 (-2)
(42,66,90,119,120,141,144,169,170,300,301,302,402,411,441,458):128 (-1)
(42,66,118,119,120,141,142,169,170,300,301,302,402,411,441,458):128 (-1)
(40,42,66,72,90,119,141,144,169,170,199,300,301,302,411,441):120 (-2)
(40,42,66,72,118,119,141,142,169,170,199,300,301,302,411,441):120 (-2)
(42,66,72,90,119,120,141,144,169,170,300,301,302,402,411,441):96 (-1)
(42,66,72,118,119,120,141,142,169,170,300,301,302,402,411,441):96 (-1)
(42,66,72,90,118,119,141,142,144,169,170,300,301,302,411,441):72 (-1)
(40,42,72,119,120,141,169,170,199,300,301,302,402,411,441,458):64 (-2)
(40,72,118,120,141,142,169,170,199,300,301,302,402,411,441,458):64 (-2)
(66,90,118,120,141,142,144,169,170,300,301,302,402,411,441,458):64 (-1)
(40,66,72,90,141,144,169,170,199,300,301,302,402,411,441,458):64 (-2)
(42,72,90,119,120,141,144,169,170,300,301,302,402,411,441,458):64 (-1)
(40,66,72,118,141,142,169,170,199,300,301,302,402,411,441,458):64 (-2)
(42,72,118,119,120,141,142,169,170,300,301,302,402,411,441,458):64 (-1)
(40,72,90,120,141,144,169,170,199,300,301,302,402,411,441,458):64 (-2)
(42,66,90,118,119,141,142,144,169,170,300,301,302,402,411,441):64 (-1)
(42,66,90,118,119,120,141,142,144,169,170,300,301,302,411,441):48 (-1)
(40,42,66,72,118,119,120,141,142,169,170,199,300,301,302,411):40 (-2)
(40,42,66,72,90,119,120,141,144,169,170,199,300,301,302,411):40 (-2)
(40,42,72,118,119,141,142,169,170,199,300,301,302,402,411,441):32 (-2)
(40,66,72,90,120,141,144,169,170,199,300,301,302,402,411,441):32 (-2)
(42,72,90,118,119,141,142,144,169,170,300,301,302,402,411,441):32 (-1)
(40,66,72,118,120,141,142,169,170,199,300,301,302,402,411,441):32 (-2)
(40,72,90,118,141,142,144,169,170,199,300,301,302,402,411,441):32 (-2)
(40,42,72,90,119,141,144,169,170,199,300,301,302,402,411,441):32 (-2)
(40,42,72,90,119,120,141,144,169,170,199,300,301,302,411,441):24 (-2)
(40,72,90,118,120,141,142,144,169,170,199,300,301,302,411,441):24 (-2)
(42,72,90,118,119,120,141,142,144,169,170,300,301,302,411,441):24 (-1)
(40,42,72,118,119,120,141,142,169,170,199,300,301,302,411,441):24 (-2)
(40,66,72,90,118,141,142,144,169,170,199,300,301,302,411,441):24 (-2)
(42,66,72,90,118,119,120,141,142,144,169,170,300,301,302,411):24 (-1)
(40,66,72,90,118,120,141,142,144,169,170,199,300,301,302,411):8 (-2)
(40,42,72,90,118,119,141,142,144,169,170,199,300,301,302,411):8 (-2)
(42,66,72,119,120,141,169,170,300,301,302,402,411,441,458):192 (-1)
(40,42,66,72,119,141,169,170,199,300,301,302,402,411,441):160 (-2)
(42,66,90,119,141,144,169,170,300,301,302,402,411,441,458):128 (-1)
(42,66,118,119,141,142,169,170,300,301,302,402,411,441,458):128 (-1)
(40,42,66,72,119,120,141,169,170,199,300,301,302,411,441):120 (-2)
(42,66,72,90,119,141,144,169,170,300,301,302,402,411,441):96 (-1)
(42,66,72,118,119,141,142,169,170,300,301,302,402,411,441):96 (-1)
(42,66,72,90,119,120,141,144,169,170,300,301,302,411,441):72 (-1)
(42,66,72,118,119,120,141,142,169,170,300,301,302,411,441):72 (-1)
(40,72,118,141,142,169,170,199,300,301,302,402,411,441,458):64 (-2)
(42,72,118,119,141,142,169,170,300,301,302,402,411,441,458):64 (-1)
(40,42,72,119,141,169,170,199,300,301,302,402,411,441,458):64 (-2)
(90,118,120,141,142,144,169,170,300,301,302,402,411,441,458):64 (-1)
(42,72,90,119,141,144,169,170,300,301,302,402,411,441,458):64 (-1)
(40,66,72,120,141,169,170,199,300,301,302,402,411,441,458):64 (-2)
(66,90,118,141,142,144,169,170,300,301,302,402,411,441,458):64 (-1)
(40,72,90,141,144,169,170,199,300,301,302,402,411,441,458):64 (-2)
(42,66,90,119,120,141,144,169,170,300,301,302,402,411,441):64 (-1)
(42,66,118,119,120,141,142,169,170,300,301,302,402,411,441):64 (-1)
(42,66,90,118,119,141,142,144,169,170,300,301,302,411,441):48 (-1)
(40,42,66,72,118,119,141,142,169,170,199,300,301,302,411):40 (-2)
(40,42,66,72,90,119,141,144,169,170,199,300,301,302,411):40 (-2)
(42,72,90,119,120,141,144,169,170,300,301,302,402,411,441):32 (-1)
(40,42,72,119,120,141,169,170,199,300,301,302,402,411,441):32 (-2)
(40,72,118,120,141,142,169,170,199,300,301,302,402,411,441):32 (-2)
(40,66,72,118,141,142,169,170,199,300,301,302,402,411,441):32 (-2)
(66,90,118,120,141,142,144,169,170,300,301,302,402,411,441):32 (-1)
(40,66,72,90,141,144,169,170,199,300,301,302,402,411,441):32 (-2)
(40,72,90,120,141,144,169,170,199,300,301,302,402,411,441):32 (-2)
(42,72,118,119,120,141,142,169,170,300,301,302,402,411,441):32 (-1)
(40,42,72,118,119,141,142,169,170,199,300,301,302,411,441):24 (-2)
(40,66,72,118,120,141,142,169,170,199,300,301,302,411,441):24 (-2)
(42,72,90,118,119,141,142,144,169,170,300,301,302,411,441):24 (-1)
(40,66,72,90,120,141,144,169,170,199,300,301,302,411,441):24 (-2)
(40,42,72,90,119,141,144,169,170,199,300,301,302,411,441):24 (-2)
(40,72,90,118,141,142,144,169,170,199,300,301,302,411,441):24 (-2)
(42,66,72,90,118,119,141,142,144,169,170,300,301,302,411):24 (-1)
(42,66,90,118,119,120,141,142,144,169,170,300,301,302,411):16 (-1)
(42,72,90,118,119,120,141,142,144,169,170,300,301,302,411):8 (-1)
(40,42,72,118,119,120,141,142,169,170,199,300,301,302,411):8 (-2)
(40,42,72,90,119,120,141,144,169,170,199,300,301,302,411):8 (-2)
(40,72,90,118,120,141,142,144,169,170,199,300,301,302,411):8 (-2)
(40,66,72,90,118,141,142,144,169,170,199,300,301,302,411):8 (-2)
(42,66,72,119,141,169,170,300,301,302,402,411,441,458):192 (-1)
(42,66,119,120,141,169,170,300,301,302,402,411,441,458):128 (-1)
(40,42,66,72,119,141,169,170,199,300,301,302,411,441):120 (-2)
(42,66,72,119,120,141,169,170,300,301,302,402,411,441):96 (-1)
(42,66,72,90,119,141,144,169,170,300,301,302,411,441):72 (-1)
(42,66,72,118,119,141,142,169,170,300,301,302,411,441):72 (-1)
(66,90,120,141,144,169,170,300,301,302,402,411,441,458):64 (-1)
(42,72,119,120,141,169,170,300,301,302,402,411,441,458):64 (-1)
(66,118,120,141,142,169,170,300,301,302,402,411,441,458):64 (-1)
(90,118,141,142,144,169,170,300,301,302,402,411,441,458):64 (-1)
(40,72,120,141,169,170,199,300,301,302,402,411,441,458):64 (-2)
(40,66,72,141,169,170,199,300,301,302,402,411,441,458):64 (-2)
(42,66,90,119,141,144,169,170,300,301,302,402,411,441):64 (-1)
(42,66,118,119,141,142,169,170,300,301,302,402,411,441):64 (-1)
(42,66,90,119,120,141,144,169,170,300,301,302,411,441):48 (-1)
(42,66,118,119,120,141,142,169,170,300,301,302,411,441):48 (-1)
(40,42,66,72,119,120,141,169,170,199,300,301,302,411):40 (-2)
(40,42,72,119,141,169,170,199,300,301,302,402,411,441):32 (-2)
(42,72,90,119,141,144,169,170,300,301,302,402,411,441):32 (-1)
(66,90,118,141,142,144,169,170,300,301,302,402,411,441):32 (-1)
(40,72,90,141,144,169,170,199,300,301,302,402,411,441):32 (-2)
(90,118,120,141,142,144,169,170,300,301,302,402,411,441):32 (-1)
(40,72,118,141,142,169,170,199,300,301,302,402,411,441):32 (-2)
(40,66,72,120,141,169,170,199,300,301,302,402,411,441):32 (-2)
(42,72,118,119,141,142,169,170,300,301,302,402,411,441):32 (-1)
(40,66,72,90,141,144,169,170,199,300,301,302,411,441):24 (-2)
(40,72,90,120,141,144,169,170,199,300,301,302,411,441):24 (-2)
(40,66,72,118,141,142,169,170,199,300,301,302,411,441):24 (-2)
(66,90,118,120,141,142,144,169,170,300,301,302,411,441):24 (-1)
(42,72,90,119,120,141,144,169,170,300,301,302,411,441):24 (-1)
(40,72,118,120,141,142,169,170,199,300,301,302,411,441):24 (-2)
(40,42,72,119,120,141,169,170,199,300,301,302,411,441):24 (-2)
(42,72,118,119,120,141,142,169,170,300,301,302,411,441):24 (-1)
(42,66,72,90,119,120,141,144,169,170,300,301,302,411):24 (-1)
(42,66,72,118,119,120,141,142,169,170,300,301,302,411):24 (-1)
(42,66,90,118,119,141,142,144,169,170,300,301,302,411):16 (-1)
(40,66,72,118,120,141,142,169,170,199,300,301,302,411):8 (-2)
(40,72,90,118,141,142,144,169,170,199,300,301,302,411):8 (-2)
(40,42,72,118,119,141,142,169,170,199,300,301,302,411):8 (-2)
(42,72,90,118,119,141,142,144,169,170,300,301,302,411):8 (-1)
(40,66,72,90,120,141,144,169,170,199,300,301,302,411):8 (-2)
(40,42,72,90,119,141,144,169,170,199,300,301,302,411):8 (-2)
(42,66,119,141,169,170,300,301,302,402,411,441,458):128 (-1)
(42,66,72,119,141,169,170,300,301,302,402,411,441):96 (-1)
(42,66,72,119,120,141,169,170,300,301,302,411,441):72 (-1)
(118,120,141,142,169,170,300,301,302,402,411,441,458):64 (-1)
(66,118,141,142,169,170,300,301,302,402,411,441,458):64 (-1)
(40,72,141,169,170,199,300,301,302,402,411,441,458):64 (-2)
(90,120,141,144,169,170,300,301,302,402,411,441,458):64 (-1)
(42,72,119,141,169,170,300,301,302,402,411,441,458):64 (-1)
(66,90,141,144,169,170,300,301,302,402,411,441,458):64 (-1)
(42,66,119,120,141,169,170,300,301,302,402,411,441):64 (-1)
(42,66,90,119,141,144,169,170,300,301,302,411,441):48 (-1)
(42,66,118,119,141,142,169,170,300,301,302,411,441):48 (-1)
(40,42,66,72,119,141,169,170,199,300,301,302,411):40 (-2)
(90,118,141,142,144,169,170,300,301,302,402,411,441):32 (-1)
(40,72,120,141,169,170,199,300,301,302,402,411,441):32 (-2)
(66,90,120,141,144,169,170,300,301,302,402,411,441):32 (-1)
(40,66,72,141,169,170,199,300,301,302,402,411,441):32 (-2)
(66,118,120,141,142,169,170,300,301,302,402,411,441):32 (-1)
(42,72,119,120,141,169,170,300,301,302,402,411,441):32 (-1)
(40,72,90,141,144,169,170,199,300,301,302,411,441):24 (-2)
(42,72,90,119,141,144,169,170,300,301,302,411,441):24 (-1)
(90,118,120,141,142,144,169,170,300,301,302,411,441):24 (-1)
(40,42,72,119,141,169,170,199,300,301,302,411,441):24 (-2)
(40,72,118,141,142,169,170,199,300,301,302,411,441):24 (-2)
(40,66,72,120,141,169,170,199,300,301,302,411,441):24 (-2)
(66,90,118,141,142,144,169,170,300,301,302,411,441):24 (-1)
(42,72,118,119,141,142,169,170,300,301,302,411,441):24 (-1)
(42,66,72,90,119,141,144,169,170,300,301,302,411):24 (-1)
(42,66,72,118,119,141,142,169,170,300,301,302,411):24 (-1)
(42,66,90,119,120,141,144,169,170,300,301,302,411):16 (-1)
(42,66,118,119,120,141,142,169,170,300,301,302,411):16 (-1)
(42,72,90,119,120,141,144,169,170,300,301,302,411):8 (-1)
(40,72,118,120,141,142,169,170,199,300,301,302,411):8 (-2)
(40,66,72,90,141,144,169,170,199,300,301,302,411):8 (-2)
(40,42,72,119,120,141,169,170,199,300,301,302,411):8 (-2)
(66,90,118,120,141,142,144,169,170,300,301,302,411):8 (-1)
(40,72,90,120,141,144,169,170,199,300,301,302,411):8 (-2)
(40,66,72,118,141,142,169,170,199,300,301,302,411):8 (-2)
(42,72,118,119,120,141,142,169,170,300,301,302,411):8 (-1)
(42,66,72,119,141,169,170,300,301,302,411,441):72 (-1)
(66,120,141,169,170,300,301,302,402,411,441,458):64 (-1)
(118,141,142,169,170,300,301,302,402,411,441,458):64 (-1)
(90,141,144,169,170,300,301,302,402,411,441,458):64 (-1)
(42,66,119,141,169,170,300,301,302,402,411,441):64 (-1)
(42,66,119,120,141,169,170,300,301,302,411,441):48 (-1)
(40,72,141,169,170,199,300,301,302,402,411,441):32 (-2)
(66,90,141,144,169,170,300,301,302,402,411,441):32 (-1)
(90,120,141,144,169,170,300,301,302,402,411,441):32 (-1)
(118,120,141,142,169,170,300,301,302,402,411,441):32 (-1)
(42,72,119,141,169,170,300,301,302,402,411,441):32 (-1)
(66,118,141,142,169,170,300,301,302,402,411,441):32 (-1)
(90,118,141,142,144,169,170,300,301,302,411,441):24 (-1)
(66,90,120,141,144,169,170,300,301,302,411,441):24 (-1)
(40,72,120,141,169,170,199,300,301,302,411,441):24 (-2)
(40,66,72,141,169,170,199,300,301,302,411,441):24 (-2)
(42,72,119,120,141,169,170,300,301,302,411,441):24 (-1)
(66,118,120,141,142,169,170,300,301,302,411,441):24 (-1)
(42,66,72,119,120,141,169,170,300,301,302,411):24 (-1)
(42,66,90,119,141,144,169,170,300,301,302,411):16 (-1)
(42,66,118,119,141,142,169,170,300,301,302,411):16 (-1)
(40,66,72,120,141,169,170,199,300,301,302,411):8 (-2)
(66,90,118,141,142,144,169,170,300,301,302,411):8 (-1)
(42,72,90,119,141,144,169,170,300,301,302,411):8 (-1)
(40,42,72,119,141,169,170,199,300,301,302,411):8 (-2)
(40,72,118,141,142,169,170,199,300,301,302,411):8 (-2)
(40,72,90,141,144,169,170,199,300,301,302,411):8 (-2)
(90,118,120,141,142,144,169,170,300,301,302,411):8 (-1)
(42,72,118,119,141,142,169,170,300,301,302,411):8 (-1)
(66,141,169,170,300,301,302,402,411,441,458):64 (-1)
(120,141,169,170,300,301,302,402,411,441,458):64 (-1)
(42,66,119,141,169,170,300,301,302,411,441):48 (-1)
(90,141,144,169,170,300,301,302,402,411,441):32 (-1)
(118,141,142,169,170,300,301,302,402,411,441):32 (-1)
(66,120,141,169,170,300,301,302,402,411,441):32 (-1)
(40,72,141,169,170,199,300,301,302,411,441):24 (-2)
(66,90,141,144,169,170,300,301,302,411,441):24 (-1)
(90,120,141,144,169,170,300,301,302,411,441):24 (-1)
(66,118,141,142,169,170,300,301,302,411,441):24 (-1)
(118,120,141,142,169,170,300,301,302,411,441):24 (-1)
(42,72,119,141,169,170,300,301,302,411,441):24 (-1)
(42,66,72,119,141,169,170,300,301,302,411):24 (-1)
(42,66,119,120,141,169,170,300,301,302,411):16 (-1)
(40,72,120,141,169,170,199,300,301,302,411):8 (-2)
(40,66,72,141,169,170,199,300,301,302,411):8 (-2)
(90,118,141,142,144,169,170,300,301,302,411):8 (-1)
(66,90,120,141,144,169,170,300,301,302,411):8 (-1)
(42,72,119,120,141,169,170,300,301,302,411):8 (-1)
(66,118,120,141,142,169,170,300,301,302,411):8 (-1)
(141,169,170,300,301,302,402,411,441,458):64 (-1)
(66,141,169,170,300,301,302,402,411,441):32 (-1)
(120,141,169,170,300,301,302,402,411,441):32 (-1)
(90,141,144,169,170,300,301,302,411,441):24 (-1)
(118,141,142,169,170,300,301,302,411,441):24 (-1)
(66,120,141,169,170,300,301,302,411,441):24 (-1)
(42,66,119,141,169,170,300,301,302,411):16 (-1)
(40,72,141,169,170,199,300,301,302,411):8 (-2)
(90,120,141,144,169,170,300,301,302,411):8 (-1)
(66,90,141,144,169,170,300,301,302,411):8 (-1)
(42,72,119,141,169,170,300,301,302,411):8 (-1)
(118,120,141,142,169,170,300,301,302,411):8 (-1)
(66,118,141,142,169,170,300,301,302,411):8 (-1)
(141,169,170,300,301,302,402,411,441):32 (-1)
(66,141,169,170,300,301,302,411,441):24 (-1)
(120,141,169,170,300,301,302,411,441):24 (-1)
(90,141,144,169,170,300,301,302,411):8 (-1)
(118,141,142,169,170,300,301,302,411):8 (-1)
(66,120,141,169,170,300,301,302,411):8 (-1)
(141,169,170,300,301,302,411,441):24 (-1)
(120,141,169,170,300,301,302,411):8 (-1)
(66,141,169,170,300,301,302,411):8 (-1)
(141,169,170,300,301,302,411):7 (-1)
